datetime,Global_active_power,Global_reactive_power,Voltage,Global_intensity,Sub_metering_1,Sub_metering_2,Sub_metering_3,sub_metering_4
2006/12/16,1209.176,34.922,93552.53,5180.8,0,546,4926,14680.93332
2006/12/17,3390.46,226.006,345725.32,14398.6,2033,4187,13341,36946.66673
2006/12/18,2203.826,161.792,347373.64,9247.2,1063,2621,14018,19028.43328
2006/12/19,1666.194,150.942,348479.01,7094,839,7602,6197,13131.90004
2006/12/20,2225.748,160.998,348923.61,9313,0,2648,14063,20384.80001
2006/12/21,1723.288,144.434,347096.41,7266.4,1765,2692,10456,13808.4667
2006/12/22,2341.338,186.906,347305.75,9897,3151,350,11131,24390.30004
2006/12/23,4773.386,221.47,345795.95,20200.4,2669,425,14726,61736.43339
2006/12/24,2550.012,149.9,348029.91,11002.2,1703,5082,6891,28824.19997
2006/12/25,2743.12,240.28,350495.9,11450.2,6620,1962,5795,31341.66663
2006/12/26,3934.11,165.102,347940.63,16341,1086,2533,14979,46970.50007
2006/12/27,1528.76,178.902,351025,6505.2,0,314,6976,18189.3333
2006/12/28,2072.638,208.876,350306.4,8764.2,2207,4419,9176,18741.96661
2006/12/29,3174.392,196.394,346854.68,13350.8,1252,5162,11329,35163.53329
2006/12/30,2796.108,312.142,346377.15,11952.6,3072,7893,12516,23120.80005
2006/12/31,3494.196,150.852,345451.07,14687.4,0,347,6502,51387.6
2007/1/1,2749.004,148.166,345785.73,11400.4,0,352,5880,39584.73328
2007/1/2,1269.236,190.342,348399.04,5348.2,0,348,6562,14243.93335
2007/1/3,1014.054,196.728,350722.21,4340.2,0,344,4765,11791.90002
2007/1/4,3259.412,202.302,345240.43,13648.6,1051,7597,10896,34779.53329
2007/1/5,2713.364,173.154,346313.9,11354.6,1483,379,7602,35758.73338
2007/1/6,1508.378,192.188,345129.2,6543.2,1336,402,5678,17723.63334
2007/1/7,2447.62,246.074,346899.58,10487,1987,8177,12810,17819.66667
2007/1/8,2241.36,207.568,344990.81,9434.4,0,467,17547,19342
2007/1/9,1869.054,207.248,346302.03,7950.4,1688,4267,9790,15405.89996
2007/1/10,2154.8,228.452,347079.53,9155.2,771,4456,11012,19674.33332
2007/1/11,2255.194,230.02,347264.19,9588,1378,2170,12415,21623.56667
2007/1/12,1461.296,199.14,347815.02,6205.2,0,439,8276,15639.93333
2007/1/13,3186.814,290.736,344568.4,13612.4,7806,2975,11341,30991.56666
2007/1/14,3009.442,227.278,343904.48,12912.2,1777,4215,12975,31190.36672
2007/1/15,2148.678,174.86,347386.91,9016.6,1099,2239,15163,17310.29999
2007/1/16,1686.404,185.428,348400.45,7165.4,2063,644,6583,18816.73333
2007/1/17,2847.688,200.752,347047.56,11928.8,3500,5737,16064,22160.46666
2007/1/18,1821.462,177.712,346886.78,7693.2,0,336,13491,16530.69999
2007/1/19,1480.44,170.052,345831.76,6301.8,2103,330,7172,15068.99996
2007/1/20,3133.732,238.362,343969.16,13461.2,4324,5222,11440,31242.86673
2007/1/21,3407.262,229.736,344114.09,14674.6,10346,5567,11599,29275.70002
2007/1/22,2180.494,168.642,347908.51,9151.6,1054,2983,11361,20943.5667
2007/1/23,1777.64,138.28,349578.08,7575.6,0,1064,5061,23502.33332
2007/1/24,2987.854,178.06,347699.08,12576.4,3464,2480,11744,32109.5666
2007/1/25,1596.344,144.16,350531.08,6666.2,1158,262,11239,13946.73336
2007/1/26,1617.972,142.902,349591.38,6798.8,1163,261,8238,17304.20004
2007/1/27,2044.072,148.242,347927.86,8567.8,1170,3896,12374,16627.86665
2007/1/28,3091.588,153.426,346039.26,13149,3466,3998,12063,31999.46668
2007/1/29,1982.664,165.696,346938.62,8336,1123,294,15254,16373.39998
2007/1/30,1707.798,180.934,348250.86,7240.6,1123,1424,8149,17767.30001
2007/1/31,2363.752,185.988,345486.43,9970,0,5950,15052,18393.86675
2007/2/1,1824.76,150.264,346164.68,7678.8,1170,386,13145,15711.6667
2007/2/2,1667.736,139.542,346081.52,7014,0,356,11338,16101.60002
2007/2/3,4029.722,245.824,344030.68,17015,4746,4573,17834,40009.03328
2007/2/4,3595.94,186.494,345072,15214.2,3391,4597,14472,37472.33334
2007/2/5,1645.28,147.228,346766.85,6941.4,896,2564,7849,16112.33333
2007/2/6,1273.48,142.566,347420.39,5431.6,1185,405,4517,15117.66666
2007/2/7,2328.018,177.708,347255.56,9780,3299,3513,11986,20002.30003
2007/2/8,1801.414,138.896,348188.12,7557.6,2226,366,10157,17274.56664
2007/2/9,1620.198,158.066,348106.24,6807.2,0,3045,9770,14188.29999
2007/2/10,2829.328,192.974,345653.03,11957.4,5071,2831,14405,24848.46669
2007/2/11,3571.228,204.314,344888.85,15158.6,2430,4765,13114,39211.46667
2007/2/12,1877.61,136.704,345741.84,7925,2227,399,11517,17150.49998
2007/2/13,1414.546,134.678,347280.27,5967,0,2828,6256,14491.76668
2007/2/14,2498.672,202.506,346140.56,10533.8,3295,3793,11579,22977.53333
2007/2/15,1985.346,165.964,346563.68,8381.2,0,2363,14028,16698.10003
2007/2/16,1702.528,151.686,346782.16,7267,1148,859,8689,17679.46672
2007/2/17,2076.912,238.968,344615.09,8826,1765,2226,7157,23467.19999
2007/2/18,3829.762,255.522,344405.96,16184,6107,8003,13129,36590.36668
2007/2/19,2186.614,176.584,345297,9276.8,1634,2900,13085,18824.56671
2007/2/20,3149.928,187.158,345406.24,13202.6,2058,5191,9713,35536.80003
2007/2/21,2072.874,189.87,346263.79,8747.2,3527,2332,11548,17140.89999
2007/2/22,3374.356,138.46,343628.62,14214.2,1411,4132,12287,38409.26662
2007/2/23,1313.48,149.344,346587.79,5508.6,0,503,10786,10602.33334
2007/2/24,714.922,122.202,345402.87,3003.6,0,363,3562,7990.366702
2007/2/25,501.74,113.736,348021.43,2105.6,0,329,1660,6373.333365
2007/2/26,568.484,108.28,347433.97,2388.8,0,331,2830,6313.733347
2007/2/27,518.112,113.204,349839.75,2195.4,0,314,1924,6397.200013
2007/2/28,520.774,113.372,348709.81,2201,0,340,1973,6366.566683
2007/3/1,517.564,107.628,347502.82,2172.8,0,316,1980,6330.066683
2007/3/2,515.688,107.008,346451.9,2169.8,0,340,1969,6285.800002
2007/3/3,819.122,134.992,347454.84,3457.6,0,347,4597,8708.033338
2007/3/4,2090.7,175.682,345642.91,8867.8,1476,8711,9408,15250
2007/3/5,2660.332,205.956,345644.51,11290,5727,12109,10026,16476.86665
2007/3/6,1246.5,186.148,347022.82,5321.8,0,1740,4700,14335.00001
2007/3/7,2375.206,171.2,346065.93,9986.4,1076,4761,15513,18236.76669
2007/3/8,1572.132,187.404,346558.21,6717.8,2180,3385,6655,13982.20001
2007/3/9,1272.612,119.238,346879.39,5373,1093,345,8631,11141.2
2007/3/10,2484.712,243.528,345316.08,10572.4,4130,5422,10979,20880.86666
2007/3/11,3480.636,173.374,345610.5,14575,4810,3420,9500,40280.60004
2007/3/12,1950.668,134.422,346404.55,8249,1403,2841,12353,15914.13337
2007/3/13,1290.144,126.718,346893.07,5480.2,1350,3859,5323,10970.40002
2007/3/14,1793.364,157.522,346719.3,7585.2,3485,480,8607,17317.4
2007/3/15,1884.814,159.326,346003.91,7953.4,0,3263,11036,17114.56665
2007/3/16,1702.054,130.208,344919.07,7189,1106,4604,5370,17287.56669
2007/3/17,2028.09,127.068,343043.5,8562.4,2208,359,12275,18959.50006
2007/3/18,2371.046,241.45,347108.86,10091.4,6564,7369,5856,19728.43333
2007/3/19,2152.518,144.764,346315.81,9046,1648,2686,14118,17423.3
2007/3/20,2086.228,164.87,346774.52,8857.8,3745,2837,11255,16933.46672
2007/3/21,2142.092,142.83,347020.77,8981.6,1865,4133,12335,17368.53332
2007/3/22,1454.978,113.826,348139.48,6081.2,353,736,10462,12698.63335
2007/3/23,1309.008,119.488,347969.49,5477.4,1127,777,8369,11543.79998
2007/3/24,2968.43,191.024,345174.44,12532.8,3707,5797,16382,23587.8333
2007/3/25,3338.404,236.124,345644.24,14000,4630,3600,9375,38035.06666
2007/3/26,1416.082,160.966,347525.01,6023.6,1088,344,9096,13073.36666
2007/3/27,1105.14,151.726,346466.85,4747,0,3019,3697,11703.00003
2007/3/28,2333.898,196.518,346240.24,9870.6,1122,8527,13888,15361.30007
2007/3/29,1590.406,198.696,346372.83,6734.6,1162,460,10724,14160.76666
2007/3/30,1402.394,181.128,347096.49,6033,1094,468,8217,13594.23326
2007/3/31,3509.51,231.504,344535.51,14781.2,2620,7707,17682,30482.83334
2007/4/1,2785.952,202.552,345635.26,11735.2,4629,5401,19509,16893.53333
2007/4/2,1960.778,174.336,346262.57,8226.2,1755,970,16641,13313.63336
2007/4/3,1642.82,168.76,346327.14,6978.6,3630,1042,7637,15071.33335
2007/4/4,2051.868,172.318,346077.77,8620.2,3434,420,14748,15595.79998
2007/4/5,1844.078,244.538,347289.27,7907.8,1086,4277,10523,14848.63334
2007/4/6,1601.14,143.214,347305.61,6751.6,0,5466,9166,12053.66669
2007/4/7,1553.924,138.73,346145.17,6573,1127,3111,5923,15737.73335
2007/4/8,1608.816,135.882,346102.82,6796.6,0,485,3545,22783.60002
2007/4/9,1000.92,160.11,346392.7,4283.4,2667,514,3801,9700.000027
2007/4/10,777.364,148.94,346771.73,3380.2,209,742,2572,9433.066687
2007/4/11,887.482,192.446,347262.95,3771,0,1112,6421,7258.366658
2007/4/12,537.706,147.812,345968.73,2301,0,541,1818,6602.766688
2007/4/13,551.022,151.64,345672.7,2366.4,0,558,1988,6637.700028
2007/4/14,554.268,155.61,346050.93,2378,0,578,2008,6651.800027
2007/4/15,726.164,171.544,345940.83,3148.6,0,1026,2893,8183.733364
2007/4/16,952.39,186.074,346546.28,4136.4,952,1305,4656,8960.166651
2007/4/17,1223.734,218.354,345881.76,5314.8,1532,389,6199,12275.56664
2007/4/18,998.246,165.224,345811.36,4313.4,1579,355,3430,11273.43333
2007/4/19,1028.658,149.66,346218.97,4400.4,733,1605,5748,9058.299999
2007/4/20,822.58,145.646,345791.37,3592.6,1069,360,3499,8781.666681
2007/4/21,1673.656,212.658,344467.06,7251.4,6575,463,11129,9727.266656
2007/4/22,2233.714,267.194,345036.79,9631.4,4264,2287,11102,19575.56676
2007/4/23,1054.566,135.64,341619.33,4700.4,1402,506,6005,9663.100003
2007/4/24,1032.1,135.264,338896.69,4528.6,1125,527,6680,8869.666699
2007/4/25,1264.162,164.736,338315.2,5555.6,0,1469,8812,10788.36667
2007/4/26,1275.466,163.606,338093.71,5650.2,1324,1845,7163,10925.76667
2007/4/27,1094.332,161.928,338711.28,4770,1772,545,4756,11165.86667
2007/4/28,1113.694,163.744,338660.24,4850.4,1772,563,4756,11470.56667
2007/4/29,1113.694,163.744,338660.24,4850.4,1772,563,4756,11470.56667
2007/4/30,814.78,160.96,338452.48,3613.4,1214,853,3299,8213.666668
2007/5/1,1663.858,181.608,337937.33,7305.6,4005,995,8546,14184.96668
2007/5/2,1003.486,160.092,339238.19,4523.8,7,1490,3754,11473.76665
2007/5/3,1090.238,150.942,338594.24,4763,1906,1725,7836,6703.633358
2007/5/4,998.128,174.74,339422.68,4432.4,2259,538,3990,9848.466654
2007/5/5,1563.052,174.102,338450.43,6820,2913,2493,11303,9341.866659
2007/5/6,2102.104,182.336,337549.9,9229,3215,949,10095,20776.06666
2007/5/7,1643.664,168.918,337733.24,7172.6,946,4935,9433,12080.40002
2007/5/8,1789.292,181.612,338264.98,7713.2,4581,2011,8777,14452.53338
2007/5/9,1665.736,183.484,338218.16,7280.8,3018,5631,9474,9639.266654
2007/5/10,707.884,168.314,339546.61,3177.8,946,534,3261,7057.066688
2007/5/11,979.154,132.096,338730.85,4359.8,926,491,6471,8431.233335
2007/5/12,1441.566,209.172,338000.98,6279.2,2247,1075,10408,10296.09997
2007/5/13,1634.738,220.67,339420.54,7155.6,3612,2414,8958,12261.63332
2007/5/14,1467.782,298.552,339393.7,6586.8,3176,2417,5517,13353.03335
2007/5/15,904.392,111.182,339281.27,3936,0,408,5318,9347.199992
2007/5/16,1692.944,135.894,338775.57,7303.4,2213,5756,9077,11169.7333
2007/5/17,1231.816,131.188,339650.58,5358.2,1014,2073,7687,9756.266692
2007/5/18,1631.53,171.258,339832.22,7022.4,3270,3913,8116,11893.16667
2007/5/19,1429.442,167.858,338320.4,6219.8,4683,530,7022,11589.03335
2007/5/20,1968.328,187.532,338901.29,8555.8,5420,1733,7611,18041.4667
2007/5/21,1120.062,117.28,337956.35,4807.6,0,468,9060,9139.700029
2007/5/22,1132.852,128.916,339092.03,4895.8,931,3966,3984,9999.866651
2007/5/23,1464.936,165.878,338129.99,6332.4,956,3792,8119,11548.6
2007/5/24,1154.388,135.56,339186.33,4985.4,955,4116,4746,9422.800067
2007/5/25,1614.22,174.588,337603.97,7003.4,8060,586,6539,11718.66663
2007/5/26,1512.248,174.24,338500.64,6570.4,2373,2754,8628,11449.13334
2007/5/27,2153.808,219.894,338268.15,9369.4,4366,5534,10444,15552.80004
2007/5/28,1637.468,151.1,338265.47,7087.6,4554,473,9586,12678.13332
2007/5/29,1061.34,113.244,339399.86,4618.4,0,1907,4332,11450.00001
2007/5/30,1609.866,147.058,338157.21,6953,2250,5948,7804,10829.10002
2007/5/31,938.55,129.586,338539,4020.2,935,477,3552,10678.49997
2007/6/1,1046.09,143.516,338862.12,4517.4,0,485,7664,9285.833354
2007/6/2,1484.362,166.108,337635.4,6442.6,3971,1250,7633,11885.36665
2007/6/3,2108.026,182.458,338057.82,9148.2,4985,7529,8334,14285.76659
2007/6/4,911.618,223.192,338037.22,4064,1585,836,4533,8239.633324
2007/6/5,1458.892,255.692,337957.58,6429.8,4484,1027,6448,12355.8667
2007/6/6,1693.942,231.132,337857.74,7352.8,3329,829,11663,12411.36666
2007/6/7,985.002,172.334,337649.48,4294.6,985,699,3959,10773.7
2007/6/8,2148.046,229.732,340124.32,9285.4,2799,11440,11380,10181.76669
2007/6/9,1137.136,232.936,346542.8,4891.6,990,825,7254,9883.266715
2007/6/10,1340.812,239.092,346815.77,5768.2,4202,1924,5983,10237.86667
2007/6/11,794.654,194.634,346833.72,3481.8,0,487,5328,7429.23334
2007/6/12,918.766,216.416,345923.85,4116.4,1882,475,3898,9057.766683
2007/6/13,927.272,208.26,346172.55,4057.2,957,857,5216,8424.53332
2007/6/14,1259.084,231.696,345380.81,5448,3322,2147,7054,8461.733337
2007/6/15,989.604,251.762,346268.71,4415.4,2269,4011,4547,5666.399994
2007/6/16,2017.762,307.558,344882.44,8604,3289,4498,11108,14734.36666
2007/6/17,1947.09,239.814,345915.62,8307.8,4124,5038,8734,14555.5
2007/6/18,678.474,180.81,346717.73,2993.4,0,529,4241,6537.900002
2007/6/19,842.556,187.986,345985.65,3683.2,973,535,4357,8177.600008
2007/6/20,1074.286,227.302,345824.88,4761.8,1761,2588,5106,8449.766653
2007/6/21,806.946,222.546,346427.92,3601.2,932,2400,3711,6406.100018
2007/6/22,566.294,208.526,346803.31,2602.6,0,951,3482,5005.233369
2007/6/23,477.566,193.12,346059.31,2211.4,0,786,2402,4771.433349
2007/6/24,714.656,179.362,347230.39,3179,0,791,3449,7670.933307
2007/6/25,1072.202,197.27,346208.06,4680,1985,3621,4816,7448.033319
2007/6/26,944.908,182.42,345736.09,4143,971,1334,5231,8212.466672
2007/6/27,1480.826,206.998,345252.11,6378,2603,6451,7270,8356.433319
2007/6/28,1295.438,217.446,344770.08,5601,0,4368,9541,7681.633353
2007/6/29,1305.634,206.526,345860.84,5679.4,4363,668,6815,9914.566626
2007/6/30,1335.314,188.354,345616.72,5719,3049,792,8376,10038.23336
2007/7/1,1026.664,172.448,345696.7,4436.2,969,736,4690,10716.06667
2007/7/2,967.032,176.924,346567.41,4216,1018,5281,3445,6373.199998
2007/7/3,1059.912,180.338,345869.19,4652.2,467,3214,4695,9289.199971
2007/7/4,1003.41,253.334,346549.87,4457.4,2329,2218,5632,6544.499997
2007/7/5,1057.29,246.716,346240,4655.8,2922,770,3973,9956.500001
2007/7/6,1069.524,219.35,346463.21,4706.8,2826,3563,4005,7431.400001
2007/7/7,1358.206,214.044,345470.6,5810.2,997,3047,10177,8415.766677
2007/7/8,1089.08,196.92,346088.01,4736.6,1825,2831,5277,8218.333319
2007/7/9,1180.158,172.422,346489.41,5063.4,923,594,9386,8766.30002
2007/7/10,908.324,176.244,345575.6,4012,67,2227,4631,8213.733313
2007/7/11,722.352,153.856,347083.25,3167.2,1015,647,5284,5093.200004
2007/7/12,1069.582,209.098,346701.05,4656.4,1029,2550,6419,7828.366674
2007/7/13,794.382,206.694,346830.92,3529.2,0,633,4427,8179.699982
2007/7/14,1288.17,258.45,347460.31,5607.4,3775,1968,6604,9122.499988
2007/7/15,1041.71,258.098,346398.74,4596.6,973,934,5791,9663.833307
2007/7/16,853.674,233.96,340570.42,3831.2,830,695,4176,8526.900018
2007/7/17,719.632,176.088,338027.41,3277.8,848,694,3335,7116.866685
2007/7/18,757.082,156.514,332767.05,3437,909,671,4628,6410.03332
2007/7/19,677.886,187.012,337337.08,3087.2,1068,703,3130,6397.1
2007/7/20,1110.422,223.118,339219.22,4970.4,2111,2418,4765,9213.03335
2007/7/21,1060.248,236.158,337329.54,4739.8,428,512,7756,8974.800024
2007/7/22,1377.692,218.336,339785.02,6090.2,7091,2136,5580,8154.533359
2007/7/23,991.018,143.77,337681.25,4429.4,1747,1288,3847,9634.966652
2007/7/24,825.284,112.81,338922.78,3673.4,0,1607,5599,6548.733341
2007/7/25,472.56,108.234,339323.11,2130.2,0,151,2333,5392.000014
2007/7/26,924.5,115.092,338318.96,4087,975,3633,4346,6454.333331
2007/7/27,1202.514,120.456,339197.3,5217.6,1837,49,7157,10998.90001
2007/7/28,1621.862,178.73,339130.42,7116,907,10265,6559,9300.033372
2007/7/29,321.116,118.576,339425.33,1488.2,0,0,1288,4063.93332
2007/7/30,466.816,129.492,339163.53,2112.8,0,0,2528,5252.266675
2007/7/31,812.332,145.786,338277.33,3603.6,3277,0,3575,6686.866673
2007/8/1,1064.464,144.958,338375.4,4636.8,1583,0,9812,6346.066647
2007/8/2,1019.416,144.954,338193.49,4445.4,482,0,6869,9639.26665
2007/8/3,1063.364,125.388,337659.27,4618.4,958,0,9139,7625.733312
2007/8/4,1144.99,139.226,338770.4,4971.4,552,398,7966,10167.16669
2007/8/5,787.098,151.254,338565.99,3509,169,0,6647,6302.299994
2007/8/6,1089.72,154.434,337971.95,4776.6,1096,0,7985,9080.999985
2007/8/7,1483.58,131.182,337757.59,6373.4,437,2168,9042,13079.33332
2007/8/8,1125.482,119.096,337697.82,4868,1055,1111,9660,6932.033337
2007/8/9,1071.68,109.474,337268.72,4712.2,182,4515,6646,6518.333311
2007/8/10,1028.01,117.656,337663.89,4506.8,336,2651,8287,5859.49999
2007/8/11,1091.65,115.77,338371.46,4731.4,1180,910,10339,5765.16664
2007/8/12,1241.904,127.776,339357.39,5389.6,1123,1156,8582,9837.400007
2007/8/13,1153.012,130.94,338711.86,4966.2,93,476,11101,7546.866693
2007/8/14,941.19,132.01,341390,4110,951,685,6256,7794.500013
2007/8/15,1191.86,159.764,345590.51,5100.6,338,508,9787,9231.333335
2007/8/16,958.496,131.532,345222.23,4095.2,962,0,7476,7536.93333
2007/8/17,1009.892,127.388,346311.43,4293.4,244,0,7769,8818.533296
2007/8/18,347.96,119.24,347442.67,1553.6,0,0,1830,3969.333315
2007/8/19,1422.294,160.018,345533.28,6137.2,1025,8912,5989,7778.899975
2007/8/20,1338.842,155.88,347473,5707.2,1032,6965,7383,6934.033355
2007/8/21,642.556,157.308,346425.2,2824,0,38,3296,7375.266669
2007/8/22,1209.808,154.288,346776.94,5142.6,3048,1836,7241,8038.466645
2007/8/23,1112.312,157.954,346532.12,4795.6,2502,259,5342,10435.53333
2007/8/24,1656.422,262.692,346313.34,7107.6,1891,3782,9944,11990.03333
2007/8/25,1150.88,272.548,345398.15,5117.4,4149,2191,5678,7163.333332
2007/8/26,1314.906,299.388,345529.32,5778.2,1541,3645,5658,11071.1
2007/8/27,1211.73,299.084,345489.96,5315.4,2305,1229,6344,10317.49999
2007/8/28,997.004,181.114,344951.82,4314.4,1038,2468,5483,7627.733346
2007/8/29,747.992,175.426,346672.79,3282.6,957,562,4932,6015.533314
2007/8/30,1202.458,191.048,346425.37,5190.2,3822,2580,4221,9417.966684
2007/8/31,1279.822,187.256,345579.41,5455.4,1200,666,8738,10726.36668
2007/9/1,1701.486,289.846,344672.27,7294.2,2497,569,9733,15559.10002
2007/9/2,1662.468,231.598,345665.28,7224.8,3613,1617,8806,13671.79998
2007/9/3,1038.922,188.422,345053.3,4508.2,621,2515,5323,8856.366684
2007/9/4,1584.944,179.626,345109.92,6848.6,2928,3501,9821,10165.73331
2007/9/5,1236.572,148.864,344373.35,5324.6,0,4144,6705,9760.533325
2007/9/6,901.474,172.026,344649.67,3963.2,0,3888,3461,7675.566669
2007/9/7,1336.496,181.738,344205.65,5770.4,3632,551,9388,8703.933312
2007/9/8,1469.752,186.33,345211.84,6324.4,3339,1801,9164,10191.86668
2007/9/9,1679.502,209.152,344047.89,7277.8,2184,4438,9233,12136.70001
2007/9/10,1117.376,177.498,344719.67,4843.8,935,595,5613,11479.93333
2007/9/11,983.572,151.764,345703.67,4251,943,550,5792,9107.866694
2007/9/12,1287.764,171.794,345621.68,5558.4,0,3217,7755,10490.73333
2007/9/13,1146.382,165.958,344606.16,4988.8,1175,2523,3853,11555.36671
2007/9/14,1135.47,183.126,344594.73,4960.4,901,676,5804,11543.49998
2007/9/15,1095.312,184.466,345602.84,4720.6,0,1449,6464,10342.20002
2007/9/16,1652.224,192.352,344967.07,7151.4,3118,3064,9310,12045.06672
2007/9/17,1461.186,202.314,344469.31,6355.4,6651,926,6279,10497.10001
2007/9/18,1167.52,147.132,343095.37,5058.4,1888,2029,5425,10116.66669
2007/9/19,1298.684,151.794,346039.5,5592,0,2743,7937,10964.73334
2007/9/20,1255.532,132.908,345189.58,5358.2,1056,489,9996,9384.533357
2007/9/21,1238.78,152.834,344709.31,5375,3130,2745,6316,8455.333365
2007/9/22,1176.172,183.432,344855.57,5061.8,944,1311,7688,9659.866698
2007/9/23,1417.97,242.974,344880.62,6163.2,2831,1929,7382,11490.83335
2007/9/24,1354.53,197.624,343584.87,5873.4,929,3935,7955,9756.500053
2007/9/25,1764.342,130.078,342863.44,7497.2,916,2253,9820,16416.69998
2007/9/26,1832.47,169.322,344763.72,7775.4,1133,9415,5695,14298.16665
2007/9/27,1392.6,150.71,344976.56,5872,1066,643,7324,14177
2007/9/28,1680.498,222.718,344825.9,7191.6,996,3722,9952,13338.29999
2007/9/29,2296.522,182.122,344361.76,9782.2,4085,7457,8190,18543.36665
2007/9/30,1516.29,163.588,345693.29,6411.6,1405,582,10225,13059.5
2007/10/1,1720.922,146.734,344505.48,7306.2,1507,6622,5960,14593.03331
2007/10/2,2198.864,161.828,343431.06,9322.6,508,8022,12815,15302.73328
2007/10/3,1280.454,157.738,344535.94,5472,979,5024,3692,11645.89999
2007/10/4,1518.458,138.448,344455.31,6414.6,2400,444,9710,12753.6334
2007/10/5,1394.092,150.636,343911.04,5889.2,0,351,9425,13458.86663
2007/10/6,1756.24,186.192,343268.23,7441.4,4840,347,9666,14417.66669
2007/10/7,2106.114,153.178,343909.84,8939.4,2498,8255,10886,13462.89997
2007/10/8,1095.242,121.896,344299.03,4652.8,0,420,5082,12752.03334
2007/10/9,1687.858,159.802,343985.97,7174.6,2034,2147,9290,14659.96669
2007/10/10,1166.972,132.752,344766.47,5023.6,1863,2117,3345,12124.53336
2007/10/11,1732.446,153.108,343359.58,7357,2630,414,7806,18024.10002
2007/10/12,1914.504,137.984,343413.09,8160.6,1020,5028,11659,14201.39993
2007/10/13,1926.728,125.204,343822.19,8209,969,3799,8463,18881.13337
2007/10/14,2061.252,150.05,344305.49,8753.4,2930,7494,7126,16804.20001
2007/10/15,1266.33,118.182,344581.5,5359.6,1061,339,7654,12051.5
2007/10/16,1964.442,185.414,343962.17,8385.4,0,7871,9876,14993.7
2007/10/17,1576.93,136.4,344436.67,6677.2,1065,453,8968,15796.16668
2007/10/18,1518.53,122.5,345312.41,6384.6,1162,317,9864,13965.8333
2007/10/19,2085.648,121.478,345099.13,8788.6,1299,3124,11648,18689.80001
2007/10/20,1660.246,139.544,348227.74,6933.2,2363,296,13225,11786.76672
2007/10/21,1941.94,154.028,347746.67,8210.4,3712,4357,7313,16983.66665
2007/10/22,1652.896,116.41,346385.38,6920.4,0,299,13027,14222.2667
2007/10/23,1956.698,127.928,347371.59,8222.8,1067,5186,10680,15678.63332
2007/10/24,1865.636,146.782,346763.91,7881.4,4459,364,9115,17155.93332
2007/10/25,1853.918,132.2,346280.59,7795.6,1478,2433,7385,19602.63332
2007/10/26,1437.568,109.676,346580.43,6286.8,0,348,5766,17845.46668
2007/10/27,1785.688,109.186,345889.74,7645.2,1374,4856,8949,14582.46669
2007/10/28,512.158,92.298,346847.12,2138.8,0,283,1765,6487.966652
2007/10/29,545.428,86.998,347318.36,2267.2,0,269,2749,6072.466664
2007/10/30,811.008,89.84,346501.33,3386,0,1935,4256,7325.799992
2007/10/31,1283.21,107.2,346088.13,5389,0,4700,8915,7771.833351
2007/11/1,496.216,85.046,346951.3,2067.8,0,293,1991,5986.266654
2007/11/2,1443.602,93.362,344662.54,6051.8,1346,2115,12245,8354.033301
2007/11/3,492.55,88.124,345874.33,2065.4,0,282,1936,5991.166651
2007/11/4,1485.686,138.802,345895.95,6313,0,4387,7068,13306.43333
2007/11/5,1500.592,131.35,345109.12,6330.6,1265,397,6583,16764.86667
2007/11/6,2082.378,200.526,343730.82,8855.8,1105,5515,10690,17396.30004
2007/11/7,1844.758,193.52,344973.47,7892.8,5042,301,6374,19028.96667
2007/11/8,1501.06,134.698,346683.81,6386.4,1715,314,6500,16488.66665
2007/11/9,2171.226,113.242,343750.23,9168.8,0,4573,15375,16239.1
2007/11/10,2611.6,237.652,344318.99,11098,3697,304,13767,25758.66668
2007/11/11,1887.124,185.61,345974.78,7978.4,3445,320,6024,21663.06666
2007/11/12,2156.146,137.468,345348.85,9031.6,1018,4165,13281,17471.76668
2007/11/13,2214.398,140.952,347217.09,9293,978,4933,11076,19919.63331
2007/11/14,2047.994,141.59,345522.28,8554.6,1055,295,16345,16438.23336
2007/11/15,1491.988,133.066,345578.39,6330.8,1606,571,7503,15186.46668
2007/11/16,2309.754,123.978,347016.26,9674,1991,4660,13564,18280.90001
2007/11/17,2610.094,168.03,346468.93,10942.4,2588,2199,14990,23724.56663
2007/11/18,2183.858,161.762,348855.06,9140.6,5201,2097,7066,22033.63337
2007/11/19,1723.654,112.03,349583.55,7209,1089,253,10750,16635.56667
2007/11/20,2095.856,124.832,347527.91,8770.2,1015,3954,11026,18935.9333
2007/11/21,1754.716,131.718,347753.62,7372.4,1139,550,9455,18101.2666
2007/11/22,1932.378,143.108,347853.67,8145,2867,297,9001,20041.30004
2007/11/23,2522.618,138.912,346640.21,10570.6,2168,6181,13685,20009.63339
2007/11/24,1899.054,150.512,348195.95,7938.2,1573,4131,13451,12495.89996
2007/11/25,1395.598,122.776,349432.07,5884.8,3556,279,5678,13746.96671
2007/11/26,1569.716,117.05,347207.75,6626,1088,288,8926,15859.93333
2007/11/27,2801.012,139.994,347502.38,11745,1063,11020,15111,19489.53332
2007/11/28,1644.94,115.442,349768.52,6876.8,1182,769,7810,17654.66662
2007/11/29,1719.514,118.71,349535,7222.8,2031,283,8818,17526.56666
2007/11/30,2331.728,147.28,350622.36,9730.4,0,7941,13601,17320.13337
2007/12/1,3134.942,288.892,345983.16,13235.8,9356,353,17847,24693.03325
2007/12/2,2946.188,325.082,346651.21,12410.8,2090,6915,10636,29462.13335
2007/12/3,1762.06,131.914,347154.61,7438.4,1141,299,10428,17499.66667
2007/12/4,2067.636,145.016,347811.81,8705,1012,5828,8561,19059.59997
2007/12/5,2153.12,178.398,347368.15,9141.4,3422,295,10919,21249.33328
2007/12/6,2487.934,161.936,345182.54,10566.6,4751,318,11908,24488.56664
2007/12/7,1769.016,147.64,346566.31,7427.4,459,3710,10263,15051.6
2007/12/8,2213.404,154.34,344966.3,9371.6,1133,2354,12283,21120.06665
2007/12/9,2274.584,200.936,345477.71,9650.2,4176,2428,8728,22577.73335
2007/12/10,1758.754,125.012,348341.52,7451.4,1102,278,8281,19651.56668
2007/12/11,2305.104,133.698,347702.74,9665.6,1050,3817,12740,20811.39998
2007/12/12,1588.062,116.886,349165.91,6611.2,1152,254,7759,17302.70001
2007/12/13,1847.746,111.49,348231.37,7804.2,1103,1448,8911,19333.76669
2007/12/14,1974.808,179.55,348459.73,8291.2,980,3849,12941,15143.4667
2007/12/15,2736.876,157.626,347444.13,11491.2,1706,3687,14313,25908.59998
2007/12/16,2762.218,126.938,349466.38,11508.8,3410,2281,12929,27416.96668
2007/12/17,1797.674,105.226,349382.04,7470.2,1636,243,10567,17515.23337
2007/12/18,2623.194,144.08,349833.58,10947,1123,5810,11093,25693.89991
2007/12/19,2196.052,109.336,349489.58,9121.6,1233,2658,11679,21030.86668
2007/12/20,1949.758,119.434,350161.83,8083.2,1859,276,13592,16768.96666
2007/12/21,1982.576,106.47,349749.55,8227.8,1191,200,12251,19400.93332
2007/12/22,2611.264,141.314,348689.57,10934.6,3819,4550,12673,22479.06666
2007/12/23,2409.048,176.272,349283.43,10055.2,1971,3091,11962,23126.79996
2007/12/24,2257.848,149.754,349416.61,9431.6,2985,2316,14350,17979.79993
2007/12/25,2694.968,151.812,349892.45,11219,4588,3368,9084,27876.13331
2007/12/26,2580.28,140.314,349045.05,10693.6,1109,2773,9480,29642.6667
2007/12/27,2532.198,190.582,348640.72,10650,4122,1490,7960,28631.29996
2007/12/28,3113.052,206.8,348889.65,13004,1980,8554,15823,25527.20004
2007/12/29,3298.956,199.892,346392.96,13766.4,4836,2434,14906,32806.60001
2007/12/30,2558.916,178.436,348622.81,10750.6,3595,3597,13485,21971.60004
2007/12/31,2216.542,145.536,347176.5,9295.2,0,3457,14071,19414.36666
2008/1/1,2759.738,142.508,347092.81,11489.2,2461,2739,12355,28440.6333
2008/1/2,1644.106,111.666,349081.13,6869.4,0,3094,8987,15320.76667
2008/1/3,1510.108,121.182,350031.54,6338.4,1130,846,6671,16521.46666
2008/1/4,2291.852,136.706,347433.67,9669.8,1241,5326,11752,19878.5333
2008/1/5,2183.248,129.464,343905.04,9283.4,2113,286,14591,19397.46662
2008/1/6,1825.184,116.958,344746.5,7761.8,1966,2445,7824,18184.73333
2008/1/7,1695.814,116.172,346671.27,7078,1288,282,10294,16399.56668
2008/1/8,2043.55,127.452,346783.4,8625.6,2197,3511,9793,18558.16669
2008/1/9,1788.44,125.336,347412.44,7534,1162,284,8963,19398.33333
2008/1/10,1894.076,120.504,346762.28,8056.2,1307,285,9992,19983.93331
2008/1/11,1705.818,95.484,346190.47,7147.4,1261,290,7997,18882.30003
2008/1/12,2871.408,162.724,345542.66,12274.4,5594,2621,11116,28525.80002
2008/1/13,2885.378,144.346,345233.85,12174.6,6506,340,9378,31865.63328
2008/1/14,2024.932,120.11,346030.57,8661,5918,339,9738,17753.86669
2008/1/15,2686.912,113.144,346621.66,11363.4,782,6883,14512,22604.86666
2008/1/16,2135.852,128.93,346207.89,9100.2,1162,3430,9391,21614.53336
2008/1/17,1572.282,116.718,347944.31,6688.8,1007,350,8657,16190.70004
2008/1/18,2186.988,119.29,345503.42,9262.4,1034,846,14983,19586.80001
2008/1/19,1980.306,134.982,345032.53,8393.6,2521,6054,8015,16415.09996
2008/1/20,1740.368,138.614,345520.14,7414.4,1775,380,4940,21911.13333
2008/1/21,1858.998,122.4,344973.24,7947.4,0,376,10447,20160.30002
2008/1/22,2325.018,143.462,345736.48,9977.4,4670,7640,7552,18888.3
2008/1/23,1882.308,107.984,346906.15,7949.2,1116,387,13359,16509.8
2008/1/24,1645.022,104.306,346722.09,7038.6,1107,320,5935,20055.03336
2008/1/25,2239.856,119.626,346615.84,9423.4,0,2421,11409,23500.93335
2008/1/26,2834.988,168.422,345254.7,12048,4925,311,15606,26407.80004
2008/1/27,2381.766,140.758,347477.29,10058.2,3725,3818,7367,24786.10002
2008/1/28,2308.196,107.836,346272.16,9748.2,1142,280,12792,24255.93334
2008/1/29,2676.024,117.176,346497.27,11292.8,1487,6199,11077,25837.39995
2008/1/30,1640.646,116.47,347925.1,6950,0,261,7261,19822.09996
2008/1/31,1953.922,137.576,348315.48,8342.4,1165,267,9437,21696.36671
2008/2/1,1534.652,179.25,346118.79,6505.4,336,280,7241,17720.53338
2008/2/2,2937.614,231.052,346020.26,12453,6247,2766,15206,24741.2333
2008/2/3,2084.568,153.708,346090.64,8835.4,2319,4435,8452,19536.80004
2008/2/4,1628.138,104.034,345967.5,6879.2,1161,252,9531,16191.63335
2008/2/5,2472.456,152.786,347006.76,10383.2,1098,7803,13717,18589.59995
2008/2/6,1669.54,114.26,343315.75,7104.4,2114,356,8428,16927.66665
2008/2/7,1518.31,108.706,347141.59,6392.6,0,295,8089,16921.16673
2008/2/8,1950.564,119.094,346223.69,8276,940,1921,9563,20085.39998
2008/2/9,2102.276,144.528,348140.89,8769.6,2050,2838,10293,19856.93329
2008/2/10,2184.714,151.736,347436.29,9211.4,2562,2955,10128,20766.89995
2008/2/11,1692.016,102.246,348036.76,7101.8,1018,297,8930,17955.26668
2008/2/12,1987.798,130.946,344893.18,8419.8,2009,1856,12138,17126.96667
2008/2/13,1900.498,128.478,347332.46,8035.4,2530,3615,7568,17961.96667
2008/2/14,1604.622,113.646,346701.34,6744.6,1300,291,9299,15853.70003
2008/2/15,2005.208,107.952,348322.47,8325,1109,1723,13417,17171.13335
2008/2/16,2346.948,138.994,347166.08,9927.2,1076,2360,11599,24080.80001
2008/2/17,1933.368,120.076,349156.56,8142.4,3182,2257,6049,20734.80006
2008/2/18,1514.404,101.972,348572.06,6301.8,0,251,10345,14644.06664
2008/2/19,2126.916,137.568,347054.59,8956.4,1881,4711,11200,17656.6
2008/2/20,2253.79,190.268,348004.35,9516,3655,5516,7704,20688.16668
2008/2/21,1633.85,112.274,346680.56,6895.4,0,307,8523,18400.83333
2008/2/22,1732.564,121.688,347667.5,7279.6,1167,1985,10101,15623.06671
2008/2/23,1836.86,132.608,345126.68,7793.8,1684,2250,10075,16605.33336
2008/2/24,1263.008,107.332,346144.03,5240,754,332,11447,8517.133338
2008/2/25,504.488,91.72,345277.45,2096,0,321,1856,6231.133333
2008/2/26,507.12,84.59,344927.99,2101,0,295,2013,6144.000015
2008/2/27,566.72,86.168,344957.79,2353.2,0,326,2969,6150.333333
2008/2/28,509.184,83.248,345318.15,2112.4,0,281,2028,6177.399993
2008/2/29,1333.348,88.948,342775.43,5576.6,0,3773,8062,10387.46662
2008/3/1,1141.876,105.158,344781.38,4719.8,0,1287,2724,15020.26659
2008/3/2,1162.226,144.71,345234.59,4932,0,5244,2565,11561.43335
2008/3/3,1040.55,114.334,346106.86,4287.6,0,2207,1755,13380.4999
2008/3/4,1668.99,108.958,347078.04,7009.4,1249,2443,9415,14709.50002
2008/3/5,2037.208,140.898,347133.95,8598,1145,9797,5529,17482.46671
2008/3/6,2503.208,106.184,346218.09,10389,1082,372,6965,33301.13335
2008/3/7,1862.956,129.392,346775.14,7836,1235,3471,9033,17310.26669
2008/3/8,2248.66,237.08,347890.97,9487.2,6286,346,8435,22410.66666
2008/3/9,1560.458,135.574,346674.79,6611.2,2607,333,4155,18912.63336
2008/3/10,1618.686,127.124,348087.38,6786,2009,368,8660,15941.10005
2008/3/11,2200.042,151.1,346210.78,9312.4,1271,3901,12936,18559.36667
2008/3/12,1774.232,138.194,347122.38,7448,1120,2374,11042,15034.53332
2008/3/13,1675.514,128.474,346755.78,7116,3263,3590,5464,15608.23332
2008/3/14,2210.22,159.748,346503.41,9282.6,980,3881,14476,17499.99997
2008/3/15,1576.3,154.412,345885.11,6697,2550,502,5910,17309.66671
2008/3/16,1801.96,173.652,347464.32,7629.6,2394,566,11286,15786.66667
2008/3/17,1706.918,175.274,346759.53,7210,236,6651,9346,12215.63333
2008/3/18,1917.566,147.44,348377.74,8023.6,1156,4019,12544,14240.43334
2008/3/19,1308.448,142.498,349059.19,5508.8,2110,411,6154,13132.46665
2008/3/20,1253.274,120.854,348138.12,5269.8,1107,478,6670,12632.90001
2008/3/21,2066.442,223.824,347572.67,8695,2171,4778,13275,14216.7
2008/3/22,2053.516,185.68,347921.5,8669.2,3322,588,12405,17910.2667
2008/3/23,2325.99,152.446,349419.78,9778.4,6279,2112,13878,16497.49996
2008/3/24,1978.452,131.166,349492.02,8301.6,1169,5988,7025,18792.2
2008/3/25,2015.856,127.832,348679.03,8453.6,2246,3677,13494,14180.60001
2008/3/26,1633.472,133.598,349646.11,6858.8,2547,3831,7547,13299.53334
2008/3/27,1370.822,116.44,348617.58,5703.6,0,356,9022,13469.03337
2008/3/28,1885.424,137.64,348945.61,7889.8,2325,3605,11581,13912.73331
2008/3/29,2471.15,175.068,347405.11,10381.4,5153,375,17240,18417.83331
2008/3/30,2146.392,175.97,347275.81,9039.6,5045,1315,9769,19644.20004
2008/3/31,1377.57,130.86,349526.94,5768.6,1091,411,9387,12070.5
2008/4/1,2129.052,170.396,347926.76,8931.6,1079,6657,14515,13233.20001
2008/4/2,1691.672,142.54,343680.71,7211,1106,3674,7989,15425.53332
2008/4/3,1128.756,121.236,346599.71,4724.4,0,422,6901,11489.60002
2008/4/4,1631.918,125.306,347516.72,6806,2133,775,13246,11044.63336
2008/4/5,1970.762,203.684,346403.56,8330.2,2929,874,13644,15399.03332
2008/4/6,1696.318,150.572,347255.43,7122.8,1124,2615,7552,16980.96674
2008/4/7,1538.838,141.28,350248.79,6457.2,2420,672,9466,13089.29999
2008/4/8,2657.516,184.176,348575.88,11087.2,2752,10713,17519,13307.93333
2008/4/9,1218.852,132.864,348937.5,5073,0,376,9003,10935.20007
2008/4/10,1477.746,163.68,348406.63,6199.8,3261,457,6527,14384.10005
2008/4/11,1877.664,143.89,346692.06,7851.8,1802,491,14522,14479.40004
2008/4/12,2800.014,392.272,347130.97,11834.2,7076,2499,15225,21866.9001
2008/4/13,2232.986,213.514,346209.59,9434.6,2554,5942,13007,15713.43339
2008/4/14,1589.582,154.958,348932.24,6630.2,0,425,11197,14871.03334
2008/4/15,1670.406,178.782,347383.79,7069.8,1174,3998,9874,12794.10005
2008/4/16,1489.064,125.904,348111.92,6215.2,838,403,11322,12254.73337
2008/4/17,1395.862,145.878,347621.18,5910.2,1719,417,8638,12490.36669
2008/4/18,1862.39,184.646,346523.87,7859,2174,3832,10921,14112.8333
2008/4/19,2253.71,245.284,347246.18,9556,4319,2457,14722,16063.83337
2008/4/20,1791.418,227.854,347663.34,7575.2,1030,4544,10401,13881.96671
2008/4/21,1164.156,175.4,348469.19,4902,0,2673,6788,9941.600055
2008/4/22,1627.676,193.15,346981.99,6872.4,971,5093,10603,10460.93334
2008/4/23,1357.328,189.502,347776.33,5713.2,1380,492,8406,12344.13343
2008/4/24,1043.772,171.924,346471.67,4403.6,1263,522,5296,10315.20001
2008/4/25,1267.734,162.224,347050.3,5328,824,2004,9400,8900.900024
2008/4/26,903.166,168.696,346741.29,3793,0,634,3586,10832.76666
2008/4/27,1008.24,198.118,346906.49,4267.8,693,588,5488,10035.00005
2008/4/28,659.052,167.118,347008.98,2809,0,621,2786,7577.200044
2008/4/29,1972.616,215.356,346617.94,8309.8,1402,5411,10481,15582.9334
2008/4/30,1101.726,171.556,347664.45,4634.8,1057,590,6653,10062.09998
2008/5/1,576.014,150.696,347682.62,2451.4,0,530,2586,6484.233349
2008/5/2,1497.768,205.568,347974.48,6304,3114,584,8687,12577.79999
2008/5/3,1289.6,202.004,346800.51,5473.4,996,541,6535,13421.3334
2008/5/4,1470.97,209.422,347587.89,6282,2196,2872,5464,13984.16671
2008/5/5,1366.932,185.75,346661.07,5756.8,1008,378,10197,11199.20005
2008/5/6,1789.98,199.596,346018.06,7554.2,1354,5410,12200,10868.99999
2008/5/7,1176.264,190.956,347157.02,4978.8,1030,423,6649,11502.40006
2008/5/8,2116.698,253.244,345385.86,8897,3667,702,12717,18192.30001
2008/5/9,1747.272,229.874,346278.56,7396,2229,423,11904,14565.20002
2008/5/10,1909.128,289.814,345724.17,8116.4,6950,612,11714,12542.79999
2008/5/11,1610.92,275.702,346299.26,6918,563,1340,6930,18015.66671
2008/5/12,1524.204,229.14,347099.94,6508,2082,1085,11959,10277.4
2008/5/13,1476.894,236.468,346138.65,6324.2,823,4089,8370,11332.89998
2008/5/14,1584.262,277.374,346620.26,6787.2,2467,3436,9716,10785.36665
2008/5/15,1162.768,237.724,346104.57,5071.8,868,570,6820,11121.46664
2008/5/16,1648.966,235.532,345060.99,7082.6,2228,2566,8956,13732.76665
2008/5/17,1657.454,275.896,344840.92,7130.2,2158,935,12472,12059.23331
2008/5/18,1803.958,254.492,345143.07,7789.6,1775,5355,8626,14309.96666
2008/5/19,1030.262,175.736,346221.9,4420,1014,558,7503,8096.033363
2008/5/20,1581.334,184.082,347068.23,6742.4,1352,2431,11977,10595.56664
2008/5/21,1324.112,190.326,346695.14,5640,1989,474,9251,10354.53333
2008/5/22,976.868,169.816,344880.28,4256.6,996,440,6475,8370.133318
2008/5/23,1484.916,178.958,344878.35,6276.4,0,1390,14734,8624.600044
2008/5/24,1580.176,285.55,346643.86,6723.4,1027,569,12833,11907.2667
2008/5/25,2048.504,290.416,345521.73,8836.6,4307,8811,6016,15007.73333
2008/5/26,1289.71,220.698,346123.71,5658.8,985,666,9284,10560.16664
2008/5/27,1708.7,207.466,344722.85,7354.6,0,5352,11478,11648.33332
2008/5/28,1114.372,235.644,347504.68,4824.8,3138,512,6709,8213.866651
2008/5/29,1135.076,186.832,342252.23,5005,1004,507,8703,8703.933303
2008/5/30,1397.244,182.218,346397.32,6052.2,0,3019,11298,8970.399993
2008/5/31,1641.47,249.924,346542.05,7089.2,1764,2328,11858,11407.83336
2008/6/1,1848.876,225.34,346497.38,7809.4,1906,545,11307,17056.59998
2008/6/2,1074.012,165.158,340372.62,4634,960,558,6341,10041.2
2008/6/3,1597.816,173.938,337179.18,6975.6,2897,2608,9265,11860.26669
2008/6/4,1588.912,152.404,337977.32,6952,1550,7682,6508,10741.8667
2008/6/5,1120.078,153.106,338635.91,4892.6,1747,506,8781,7633.966666
2008/6/6,1217.714,174.52,345192.39,5287.8,1009,506,7871,10909.23333
2008/6/7,1882.484,186.414,344137.6,7966,2379,2611,14593,11791.73338
2008/6/8,1542.322,188.384,345549.51,6618.4,2536,3161,9732,10276.36671
2008/6/9,1325.698,183.64,344785.94,5817.2,1967,2085,7921,10121.96667
2008/6/10,1067.09,216.018,345568.39,4615,907,585,8992,7300.833323
2008/6/11,1123.206,214.372,345822.44,4879.4,977,842,7566,9335.100004
2008/6/12,1259.332,189.292,345153.63,5471,1951,567,7246,11224.86663
2008/6/13,1875.63,281.926,343998.14,8072.6,2809,7358,10549,10544.49998
2008/6/14,1384.92,344.28,345620.87,6059.2,1862,1011,10681,9527.999987
2008/6/15,2289.102,281.006,344813.37,9754,6471,6802,11589,13289.70007
2008/6/16,1303.044,204.382,346224.19,5622.8,1980,464,10012,9261.400006
2008/6/17,1145.084,175.464,346110.38,4945.8,1080,432,10094,7478.733347
2008/6/18,1893.608,272.724,345225.41,8224.4,7549,3040,12687,8284.133366
2008/6/19,1588.082,189.418,344552.67,6822.6,3411,1514,10911,10632.03334
2008/6/20,1676.104,227.42,345512.43,7211.8,2948,2935,12417,9635.066702
2008/6/21,1734.254,239.028,344827.31,7393.2,940,5823,12828,9313.233348
2008/6/22,1566.416,294.144,344223.53,6730.6,4705,1175,10652,9574.933357
2008/6/23,1251.796,210.956,344070.22,5460.4,2600,581,10124,7558.266665
2008/6/24,1754.452,253.022,342598.16,7577.6,2779,3489,14271,8701.866667
2008/6/25,1261.77,290.626,344008.66,5631.8,2773,569,9402,8285.499977
2008/6/26,1056.02,217.414,344666.02,4624,921,572,8971,7136.333314
2008/6/27,1755.152,262.008,344066.38,7540.8,4159,2372,10163,12558.53334
2008/6/28,1208.8,210.954,344365.03,5307.8,0,2000,7932,10214.6667
2008/6/29,749.352,183.664,345831.33,3356.8,955,535,3896,7103.200009
2008/6/30,804.196,189.526,346141.61,3570,0,521,6819,6063.266671
2008/7/1,1215.24,277.788,344938.02,5385.6,3465,587,8390,7812.000043
2008/7/2,1147.202,266.538,344105.25,5140.2,962,650,7002,10506.03335
2008/7/3,1098.36,213.748,345075.11,4814.2,958,2569,7410,7369.000008
2008/7/4,942.02,188.132,345858.7,4072.8,0,589,8302,6809.333335
2008/7/5,1469.088,224.78,344973.27,6316.6,1875,6754,8365,7490.799977
2008/7/6,1805.064,253.582,346449.93,7717.6,4258,5230,7536,13060.39996
2008/7/7,983.39,202.81,345072.55,4274.8,2171,592,7149,6477.833317
2008/7/8,1126.214,196.318,345168.9,4854.8,991,503,7592,9684.233294
2008/7/9,919.318,191.724,346074.59,3996.4,951,499,7352,6519.966644
2008/7/10,1251.276,240.242,345409.57,5390.6,982,552,8186,11134.60001
2008/7/11,1254.216,251.036,344904.35,5446.4,724,558,9251,10370.60001
2008/7/12,1328.852,266.124,345685.36,5832.6,4436,2617,7231,7863.533318
2008/7/13,1256.616,167.358,346023.37,5432,1671,3164,7093,9015.600008
2008/7/14,1137.926,209.668,346311.63,4941.6,2564,1995,6436,7970.433311
2008/7/15,1155.86,190.936,345285.28,4947.4,968,552,8585,9159.333284
2008/7/16,1077.062,206.462,346454.47,4661,1537,2799,4978,8637.033357
2008/7/17,1319.122,239.506,345480.53,5798.4,1122,723,8280,11860.36666
2008/7/18,1261.584,195.606,344991.15,5381.2,1143,552,9260,10071.39998
2008/7/19,1344.014,208.03,344377.61,5788.4,2941,3146,7676,8637.23337
2008/7/20,941.534,172.576,345279.88,4084.4,1943,1076,5457,7216.233355
2008/7/21,1156.478,172.45,344306.44,5014.2,1698,431,9189,7956.633316
2008/7/22,740.242,161.128,345125.24,3272.6,0,430,4886,7021.366669
2008/7/23,942.63,162.392,345738.41,4103.2,1233,454,6325,7698.500023
2008/7/24,1093.45,185.882,345432.62,4639,837,476,8344,8567.166689
2008/7/25,865.534,182.714,344242.39,3770.4,1168,492,6731,6034.566682
2008/7/26,815.684,213.318,345641.32,3592,0,948,6243,6403.733325
2008/7/27,1147.396,233.138,343398.47,5058,1063,858,8385,8817.266696
2008/7/28,825.804,198.514,345590.92,3707,0,509,5963,7291.399986
2008/7/29,1166.558,208.384,345958.39,5242.8,1571,530,5802,11539.63335
2008/7/30,1299.908,227.536,344283.25,5853.8,2548,773,6278,12066.13336
2008/7/31,1392.638,243.476,345737.77,6093.8,1533,2808,7588,11281.63335
2008/8/1,739.576,252.704,345319.83,3352.2,586,1150,5091,5499.266655
2008/8/2,505.776,178.294,344345.37,2286.6,0,504,3803,4122.599983
2008/8/3,504.782,166.052,341358.39,2270.4,0,499,3926,3988.033333
2008/8/4,1126.13,193.714,342523.64,4918.4,596,4677,4411,9084.83336
2008/8/5,827.118,180.248,343780.5,3608.6,635,509,7118,5523.300026
2008/8/6,326.112,214.504,346414.79,1570.2,0,513,2215,2707.20002
2008/8/7,334.884,214.94,344609.75,1613.8,0,526,2357,2698.400005
2008/8/8,302.2,196.448,344817.42,1448,0,481,1980,2575.666675
2008/8/9,358.924,199.99,346623.06,1670.8,0,489,1902,3591.066701
2008/8/10,352.032,189.106,345981.44,1616.4,0,464,1905,3498.200029
2008/8/11,371.916,187.62,346634.39,1685.8,0,489,1880,3829.600002
2008/8/12,288.984,187.042,345669.53,1373,0,462,1844,2510.400023
2008/8/13,282.584,183.836,346854.98,1341.4,0,451,1789,2469.733361
2008/8/14,270.258,177.966,347242.87,1274.4,0,441,1641,2422.300023
2008/8/15,273.654,178.178,347267.76,1290.2,0,439,1691,2430.900021
2008/8/16,274.814,181.678,348617.3,1295.2,0,442,1688,2450.233346
2008/8/17,274.796,179.516,347304.17,1292.8,0,445,1710,2424.933349
2008/8/18,273.758,178.098,347552.41,1287.8,0,440,1719,2403.633351
2008/8/19,274.692,180.622,346888.42,1300.8,0,442,1697,2439.20002
2008/8/20,268.472,178.064,347822.94,1272,0,437,1626,2411.533349
2008/8/21,261.298,168.972,346025.76,1223.6,0,432,1577,2345.966686
2008/8/22,267.124,174.654,346870.43,1255.8,0,438,1614,2400.066686
2008/8/23,254.642,169.422,348685.43,1196.4,0,419,1485,2340.033354
2008/8/24,254.716,163.91,347923.32,1190,0,404,1523,2318.266684
2008/8/25,250.298,163.87,347722.52,1164,0,422,1436,2313.633346
2008/8/26,257.564,166.566,347212.15,1205.6,0,420,1533,2339.733353
2008/8/27,258.114,165.872,346430.11,1199.8,0,399,1539,2363.900029
2008/8/28,268.246,174.098,346381.42,1260,0,432,1631,2407.766693
2008/8/29,267.588,171.186,346083.05,1260,0,430,1599,2430.80002
2008/8/30,270.424,177.552,346340.15,1276.2,0,435,1619,2453.066688
2008/8/31,1500.864,210.672,345625.78,6405.4,2056,3733,12118,7107.400013
2008/9/1,1247.51,184.486,345478.91,5374.8,950,521,10183,9137.833331
2008/9/2,1384.154,224.634,344633.71,5963.8,4273,1206,6648,10942.23334
2008/9/3,1388.486,179.288,345642.42,5930.8,1326,1902,10213,9700.433334
2008/9/4,1225.22,151.872,343675.43,5262.8,2225,404,9408,8383.333351
2008/9/5,873.96,147.236,345010.45,3752,379,431,6943,6813.000006
2008/9/6,1868.574,238.292,344649.28,7955.2,2948,6500,13400,8294.900028
2008/9/7,1372.656,176.444,346447.71,5876.4,3612,1707,5976,11582.60003
2008/9/8,1309.324,160.574,347589.83,5548.8,747,2293,9559,9223.066654
2008/9/9,1159.654,180.67,345285.6,4988.8,236,453,7728,10910.56665
2008/9/10,1300.764,166.43,344852.04,5554.8,1009,399,10281,9990.399977
2008/9/11,1028.714,192.038,344303.72,4435.6,1005,417,7644,8079.233349
2008/9/12,1392.762,178.298,345554.37,5968.2,1867,402,8738,12205.70008
2008/9/13,1631.436,186.192,345779.35,6941,930,5433,11807,9020.600022
2008/9/14,1576.326,193.746,345440.14,6818.4,4673,445,6538,14616.09999
2008/9/15,1697.708,136.118,345968.51,7303.4,960,364,10322,16649.13337
2008/9/16,1221.862,156.06,346966.2,5211.8,0,368,8249,11747.36665
2008/9/17,1519.21,177.168,346545.61,6465.2,1910,3727,9371,10312.16669
2008/9/18,1505.29,189.376,346071.08,6404.2,4202,357,7991,12538.16672
2008/9/19,1518.846,166.768,346114.24,6449.4,1569,351,12367,11027.10004
2008/9/20,1304.6,156.204,346455.53,5480,0,370,12477,8896.333289
2008/9/21,1533.07,206.262,346953.83,6566.8,4010,2381,8347,10813.16668
2008/9/22,1358.564,151.524,345901.19,5778.2,1014,2448,10227,8953.733364
2008/9/23,1232.788,165.128,345864.04,5305.2,0,2168,7920,10458.46669
2008/9/24,1718.35,173.472,345781.14,7245.6,2019,4730,10548,11342.16671
2008/9/25,1131.22,173.77,346018.07,4815,1012,751,8485,8605.666702
2008/9/26,1431.45,211.572,346166.82,6105,1221,370,10890,11376.49998
2008/9/27,2127.446,257.04,345810.93,9012.4,4347,2584,12688,15838.4333
2008/9/28,1731.104,163.968,346000.92,7314.6,1920,385,11242,15304.73337
2008/9/29,1501.738,199.432,345980.19,6349.6,1014,363,10677,12974.96663
2008/9/30,1375.006,155.092,346440.63,5795.6,998,360,7415,14143.76666
2008/10/1,1872.364,181.256,347225.2,7894.2,2249,5800,10808,12349.06665
2008/10/2,1345.342,153.676,346072.67,5686,0,367,9060,12995.36673
2008/10/3,1612.58,158.598,345372.49,6833.8,4801,349,9432,12294.33334
2008/10/4,2100.496,216.2,345851.14,8848.6,3462,629,12573,18344.26671
2008/10/5,1549.95,146.296,345798.06,6529.2,990,3257,6071,15514.50003
2008/10/6,1423.782,125.204,344331.47,6071.6,990,286,9562,12891.70001
2008/10/7,1726.568,187.234,343948.13,7439.2,1016,419,9476,17865.13331
2008/10/8,1860.576,152.41,345670.58,7821,1044,5126,11650,13189.59998
2008/10/9,1983.682,181.9,344556.61,8369.8,1032,3064,11652,17313.36666
2008/10/10,1518.338,148.044,345074.19,6389,0,389,12046,12870.63331
2008/10/11,1669.386,154.848,344422.97,7064.6,2144,2335,11373,11971.09999
2008/10/12,1907.94,161.806,345818.22,8085.8,2561,5822,7171,16244.99996
2008/10/13,1461.976,147.894,346765.57,6126.2,1037,535,9483,13311.26668
2008/10/14,1609.056,164.286,344470.65,6811.4,1177,442,9939,15259.59997
2008/10/15,2156.896,168.462,344889.78,9112.6,1998,7042,9984,16924.26663
2008/10/16,1583.68,136.84,344538.5,6712.2,951,429,8438,16576.66667
2008/10/17,1866.886,153.522,345668.58,7885.2,2036,3187,9639,16252.76664
2008/10/18,2239.19,162.628,345363.02,9427.8,799,1655,12146,22719.8333
2008/10/19,1971.934,181.596,345661.27,8359.6,698,8010,4600,19557.56668
2008/10/20,1667.554,137.812,346222.79,6998.8,844,2648,10475,13825.56666
2008/10/21,2063.716,152.344,345212.19,8756.4,857,2663,11331,19544.26668
2008/10/22,1646.01,149.344,346774.7,6965.2,662,2542,8487,15742.49997
2008/10/23,1830.494,161.208,346174.62,7739.4,815,1435,10587,17671.23332
2008/10/24,2133.226,168.014,346195.72,9024.4,7893,2277,10284,15099.7667
2008/10/25,1581.198,115.682,346893.5,6605.4,737,408,14212,10996.29996
2008/10/26,523.492,115.53,348657.79,2158.8,0,360,2013,6351.866659
2008/10/27,523.892,128.978,348808.4,2173.2,0,402,1967,6362.533327
2008/10/28,1327.29,145.076,347510.58,5548.6,2263,362,5090,14406.49999
2008/10/29,1612.576,133.282,348177.02,6630.2,1037,345,4015,21479.26673
2008/10/30,1098.6,123.028,348599.94,4713.6,0,345,2619,15346.00002
2008/10/31,1285.832,104.348,347514.87,5423.6,0,312,10483,10635.53336
2008/11/1,830.498,113.672,348206.74,3781,0,344,1939,11558.6333
2008/11/2,910.614,120.472,348704.27,4124.2,0,346,2824,12006.8999
2008/11/3,847.6,115.248,348141.77,3837.6,963,347,1892,10924.66665
2008/11/4,1562.316,121.476,346755.52,6699.4,0,6214,4106,15718.60002
2008/11/5,3134.93,257.82,344852.31,13304.4,7597,10409,8362,25880.83344
2008/11/6,1588.438,181.468,346161.91,6806.4,1033,430,6734,18276.96671
2008/11/7,1619.184,109.988,345242.57,6846.6,1032,389,10421,15144.4
2008/11/8,1733.138,133.168,344603.56,7350.8,1114,3271,6069,18431.63334
2008/11/9,2578.538,210.946,343373.86,10974.2,6301,661,14348,21665.63338
2008/11/10,2122.138,155.622,345042.11,8990,1223,355,10383,23407.96663
2008/11/11,2455.95,128.08,345425.32,10344,2475,2288,14651,21518.50003
2008/11/12,2189.664,158.968,346163.14,9142.4,1066,2713,9467,23248.39999
2008/11/13,1238.46,125.424,347901.01,5223.2,0,338,6315,13988
2008/11/14,1621.738,127.894,347071.42,6848,2092,325,9929,14682.9667
2008/11/15,3031.628,165.16,343633.13,12907,3952,3799,15635,27141.13333
2008/11/16,2365.432,163.13,346311.56,9963.4,4791,1829,8945,23858.86664
2008/11/17,1523.636,118.874,347234.3,6353.4,0,378,10590,14425.9333
2008/11/18,1749.05,139.282,345458.94,7404.2,1079,369,11204,16498.83336
2008/11/19,1840.238,166.452,346377.05,7794.6,1737,3026,8704,17203.63333
2008/11/20,1692.336,121.192,345338.09,7177.6,1034,347,7732,19092.6
2008/11/21,1673.93,127.554,345496.8,7123,1039,348,10396,16115.83334
2008/11/22,1711.368,124.868,345213.81,7271.4,1093,882,8320,18227.80001
2008/11/23,3406.736,207.002,344377.32,14469.4,3631,8824,10290,34033.93337
2008/11/24,3212.998,121.618,346117.66,13371,1063,510,13378,38598.96663
2008/11/25,2702.85,150.564,346940.07,11266.4,3010,345,10471,31221.50002
2008/11/26,1515.954,119.996,349057.29,6273.2,909,304,10002,14050.90003
2008/11/27,2362.218,126.218,347673.62,9851.2,2491,330,12440,24109.30002
2008/11/28,1885.964,128.426,350015.78,7789.8,1113,295,11361,18663.73337
2008/11/29,2434.668,166.51,347386.69,10157.2,5268,2392,12386,20531.79997
2008/11/30,2401.388,170.904,349019.37,10016,1161,3481,11474,23907.13338
2008/12/1,1616.538,118.678,350562.01,6852.2,1085,309,9013,16535.3
2008/12/2,1793.444,145.908,350466.29,7509.8,0,304,11343,18243.73328
2008/12/3,1755.164,124.722,350472.57,7300.2,1137,302,9664,18149.73333
2008/12/4,1738.638,113.99,350586.92,7234.2,1085,281,11314,16297.3
2008/12/5,2058.618,120.026,349885.31,8593.4,831,310,9852,23317.29999
2008/12/6,2523.836,188.144,347236.65,10596,4005,5749,9048,23261.93331
2008/12/7,2466.74,180.224,348823.5,10306.6,3294,310,13627,23881.33331
2008/12/8,1868.636,120.782,350973.53,7751.8,1117,296,13256,16474.93332
2008/12/9,2003.144,132.516,350720.14,8291,1985,2553,12886,15961.7334
2008/12/10,2214.206,146.14,350495.51,9152.6,1128,4144,12140,19491.43329
2008/12/11,1432.522,114.916,350522.44,5935.6,1160,273,7979,14463.36666
2008/12/12,1815.534,139.342,349981.95,7519.2,1157,255,12154,16692.89999
2008/12/13,1825.574,163.278,347815.51,7663.4,2186,261,9271,18708.23335
2008/12/14,2002.12,164.014,347936.83,8469.4,3742,2497,5415,21714.66664
2008/12/15,1795.45,113.744,349976.45,7475,1178,252,9668,18826.16663
2008/12/16,1797.09,114.598,351187.06,7477.4,0,253,11334,18364.49998
2008/12/17,2098.786,136.216,350371.46,8755.6,4251,284,10813,19631.7667
2008/12/18,1736.94,118.07,349717.05,7184.6,1125,258,11293,16272.99998
2008/12/19,1882.112,132.154,348287.29,7891.4,1538,296,11773,17761.53329
2008/12/20,2242.772,160.69,349296.29,9354.4,1132,6479,12819,16949.53333
2008/12/21,2643.61,135.072,348076.92,11034.2,1099,9189,14816,18956.16661
2008/12/22,2015.808,124.87,348284.87,8434.2,2157,391,10433,20615.79997
2008/12/23,1798.088,151.08,348149.59,7561,2666,2115,8326,16861.13336
2008/12/24,1269.638,115.318,351303.3,5232.4,0,364,9981,10815.63336
2008/12/25,1061.118,116.882,350255.61,4375.6,0,285,3598,13802.3
2008/12/26,1223.732,124.222,351869.27,5041,1121,279,7796,11199.53338
2008/12/27,2972.164,118.132,350369.13,12141.8,0,244,12209,37083.06666
2008/12/28,1570.642,112.248,352166.95,6364.8,1953,217,5291,18716.36664
2008/12/29,555.278,91.638,352734.85,2273.6,0,218,2480,6556.63333
2008/12/30,1195.238,113.206,352278.96,4898.6,0,245,7145,12530.63336
2008/12/31,1964.188,129.272,350347.13,8190.2,2975,246,11860,17655.46668
2009/1/1,1406.692,112.668,349683.93,5975.8,765,3845,2803,16031.86671
2009/1/2,2327.51,204.73,349495.04,9702.4,2417,6018,11841,18515.83337
2009/1/3,1913.496,174.912,350901.3,7964.4,6440,328,10439,14684.59998
2009/1/4,1939.994,167.338,352544.3,8111.8,1457,5251,3245,22380.23335
2009/1/5,1604,128.938,352556.32,6676.2,1247,322,8650,16514.33336
2009/1/6,1689.862,115.556,352933.44,6961,0,254,12462,15448.3667
2009/1/7,2080.272,141.504,354298.52,8563.4,2687,3820,9979,18185.20005
2009/1/8,1633.27,124.374,353305.06,6797.8,2773,299,10075,14074.16671
2009/1/9,1788.702,115.572,352256.27,7462.2,1802,272,9285,18452.70004
2009/1/10,2102.948,161.734,351533.5,8768,2828,4288,12539,15394.13336
2009/1/11,1975.988,143.24,353565.43,8301.2,4521,5301,5887,17224.13329
2009/1/12,1589.278,112.428,353558.98,6500,0,261,12147,14079.96665
2009/1/13,2182.6,134.142,352020.01,9006.2,1140,329,16194,18713.66662
2009/1/14,1779.078,120.838,352235.16,7350.6,2277,333,10319,16722.29998
2009/1/15,1564.068,115.546,349950.64,6509.6,2731,390,9561,13385.8
2009/1/16,2766.554,179.92,349299.32,11578.4,5811,3158,15220,21920.23338
2009/1/17,3317.82,164.544,347949.42,13793.6,2477,3154,15322,34344.00006
2009/1/18,3154.194,209.84,349407.48,13201.4,5649,6701,12727,27492.90005
2009/1/19,1699.866,119.274,350101.69,7091.2,1118,376,10279,16558.09998
2009/1/20,1738.028,133.88,350495.79,7170.8,0,282,13727,14958.13338
2009/1/21,1739.434,128.044,351511.47,7189.8,1148,2159,9830,15853.56669
2009/1/22,1237.356,115.6,351369.15,5169.6,0,341,8246,12035.60003
2009/1/23,1910.536,126.298,349587.29,7964.4,2078,295,12146,17323.26665
2009/1/24,2200.77,169.974,350281.09,9203.2,5096,4492,8322,18769.49997
2009/1/25,2843.664,147.766,349263.35,11738,3971,5960,11213,26250.39997
2009/1/26,1674.472,113.276,350208.39,6961.6,1121,348,9821,16617.86665
2009/1/27,1425.03,135.636,351270.15,6001.8,896,278,6608,15968.50005
2009/1/28,2721.734,116.02,349966.4,11276.6,2301,6949,14285,21827.2333
2009/1/29,1573.698,104.306,350442.5,6527,0,294,8996,16938.29992
2009/1/30,2059.038,120.094,351777.36,8521.8,1622,280,12147,20268.29997
2009/1/31,3312.852,238.712,349158.79,13871.8,8278,6575,15309,25052.20002
2009/2/1,1944.46,169.486,352394.68,8138.6,4048,639,8182,19538.66661
2009/2/2,1603.3,106.588,352619.75,6596.8,1159,232,10915,14415.66667
2009/2/3,1868.39,123.01,351795.92,7695.2,703,878,14984,14574.83333
2009/2/4,2460.924,151.604,352348.84,10139.6,871,6961,15960,17223.40002
2009/2/5,1649.088,122.188,351151.29,6858,1104,264,12987,13129.80001
2009/2/6,2048.396,126.872,350336.06,8527.2,1165,273,11716,20985.93328
2009/2/7,3131.536,184.644,348553.33,13076.6,6822,4483,17873,23014.26653
2009/2/8,2182.866,134.02,350430.58,9114.6,5341,259,15174,15607.1001
2009/2/9,1706.638,134.608,350383.66,7150.4,1063,228,9375,17777.96665
2009/2/10,1943.822,115.832,350147.19,8041.2,1128,263,12339,18667.03337
2009/2/11,2639.39,239.362,348620.49,11133,2985,10477,12195,18332.83339
2009/2/12,1968.66,119.284,349792.6,8183,1109,299,17724,13678.99997
2009/2/13,1690.022,109.186,348038.4,7044.2,1100,254,11554,15259.03335
2009/2/14,2335.49,118.932,348414.46,9688.8,2283,3256,18545,14840.83327
2009/2/15,1586.032,114.022,349695.27,6482,2465,226,5234,18508.86666
2009/2/16,1318.994,111.806,348685.93,5512.6,0,261,7037,14685.23338
2009/2/17,801.838,117.966,348737.6,3345.4,0,292,3925,9146.966676
2009/2/18,826.45,113.064,348812.78,3392.4,0,297,5471,8006.16663
2009/2/19,737.268,99.378,347831.41,3040.6,1046,262,1796,9183.79998
2009/2/20,1880.736,147.036,345874.62,7970.4,2897,293,8768,19387.59997
2009/2/21,1316.184,155.402,346974.25,5481.6,2111,262,3983,15580.4
2009/2/22,2238.478,175.828,347495.48,9410,3816,8576,7133,17782.96665
2009/2/23,2733.656,129.8,347386.87,11337.2,1212,3744,12471,28133.93338
2009/2/24,1783.144,123.346,346878.61,7441.4,0,1602,14512,13605.0667
2009/2/25,1169.844,113.07,347330.83,4914,1092,274,7359,10772.40006
2009/2/26,1156.852,112.6,346654.61,4842.8,0,268,6841,12171.86669
2009/2/27,2028.918,202.116,346990.59,8501,1154,246,14831,17584.29998
2009/2/28,1630.75,212.588,349052.08,6961.4,1145,5358,8006,12670.16669
2009/3/1,2467.946,189.112,348685.84,10393.4,11178,2740,8834,18380.43334
2009/3/2,1477.442,135.364,348828.26,6337.6,1560,310,6684,16070.03336
2009/3/3,1848.952,127.904,349772.19,7699.8,1159,268,13024,16364.86665
2009/3/4,1842.13,129.434,349033.66,7772,2214,2570,8393,17525.16667
2009/3/5,1441.812,112.462,348018.63,6124.8,0,271,9094,14665.19997
2009/3/6,1783.474,128.956,346742.37,7579.6,1144,265,12056,16259.56668
2009/3/7,1696.466,149.866,349159.17,7107.8,1055,811,12113,14295.43335
2009/3/8,2357.166,194.186,348710.1,9909.8,7253,5260,12691,14082.09998
2009/3/9,1685.556,136.04,349174.52,7062.4,2001,369,10336,15386.6
2009/3/10,1836.21,114.902,348232.95,7690.6,0,281,11610,18712.50003
2009/3/11,2405.904,137.244,348222.49,10119.8,3476,7288,10737,18597.40004
2009/3/12,1887.26,134.772,348477.73,7859.4,0,364,13655,17435.33335
2009/3/13,1445.52,138.684,349570.52,6006.8,1082,311,10466,12233.00002
2009/3/14,2149.028,155.25,348737.48,8908,2196,280,18036,15305.13338
2009/3/15,1942.062,177.752,348150.4,8202.6,3478,5152,8353,15384.70003
2009/3/16,1336.034,119.406,349069.78,5542.8,0,306,9273,12688.2334
2009/3/17,1931.91,234.992,348417.25,8135,1110,3952,12320,14816.49996
2009/3/18,1450.68,121.906,349690.49,6020.8,1123,375,12101,10579
2009/3/19,1191.532,116.412,349597.84,4931.8,0,314,9458,10086.86666
2009/3/20,1463.906,130.038,349799.74,6073.6,1083,308,10618,12389.43334
2009/3/21,1930.022,197.656,349319.12,8167.4,5420,682,10266,15799.03336
2009/3/22,1689.17,130.28,347799.76,7128.8,2017,3778,9015,13342.83339
2009/3/23,1296.45,120.122,348557.26,5456.8,1078,310,5999,14220.50002
2009/3/24,1661.712,146.836,349177.1,7047.8,1710,352,10149,15484.19994
2009/3/25,1838.774,194.036,350082.81,7708.4,2780,3315,10287,14264.23336
2009/3/26,1211.004,119.75,349827.49,5042.4,0,312,8596,11275.40001
2009/3/27,1713.926,181.074,349385.25,7221.8,1103,526,9947,16989.43332
2009/3/28,2260.976,276.7,348675.29,9508.8,4527,327,12225,20603.93335
2009/3/29,2216.65,137.094,349269.94,9242.4,1611,4024,9502,21807.16669
2009/3/30,1477.452,131.324,349529.07,6198.8,1085,295,9901,13343.20004
2009/3/31,1823.482,137.988,348721.78,7645,2202,2711,12958,12520.3667
2009/4/1,1641.14,143.048,349784.69,6923.4,2807,2364,7309,14872.33335
2009/4/2,1644.334,124.762,348825.08,6856.4,1128,324,13500,12453.56666
2009/4/3,1363.26,132.598,348209.12,5735.4,0,326,8556,13839.00001
2009/4/4,2191.232,199.728,347688.94,9211,2699,4172,16251,13398.53325
2009/4/5,1375.716,183.012,348931.74,5921.4,3832,357,6503,12236.6
2009/4/6,1452.634,131.54,348913.65,6084.8,799,333,10141,12937.56666
2009/4/7,1440.092,152.732,348464.76,6093,1103,338,9121,13439.53336
2009/4/8,1534.6,161.35,348854.01,6520.2,2131,2827,7968,12650.66665
2009/4/9,1890.472,176.936,348907.43,7869,2682,366,13482,14977.86666
2009/4/10,1842.114,165.792,348529.66,7674,2057,2822,13828,11994.89996
2009/4/11,2462.446,253.666,346995.73,10332.4,3661,4286,18233,14860.76673
2009/4/12,2141.012,281.67,346180.75,9119.2,7498,1504,12470,14211.53335
2009/4/13,1602.718,200.264,347223.27,6830.8,1015,5651,6246,13799.96669
2009/4/14,1501.538,188.58,347748.95,6386.4,888,2341,9478,12318.63338
2009/4/15,1216.062,190.886,347501.82,5199.8,1880,463,5278,12646.7
2009/4/16,1564.524,179.016,346285.5,6658.8,2896,397,9809,12973.39999
2009/4/17,2042.81,171.198,347511.93,8592.4,0,5224,7655,21167.83334
2009/4/18,1512.266,146.958,347106.6,6376.4,1028,2613,10699,10864.43333
2009/4/19,1286.468,153.604,349428.29,5397.8,2201,376,8088,10776.13336
2009/4/20,1486.51,169.502,348342.56,6240,0,2644,10476,11655.16672
2009/4/21,1894.598,182.732,346533.79,7970.8,1925,375,7380,21896.63336
2009/4/22,1496.198,203.908,347435.79,6296.8,1024,1203,13265,9444.633375
2009/4/23,1141.46,175.454,347752.28,4899.2,1068,395,5511,12050.33333
2009/4/24,1194.048,180.82,348177.72,5083,0,383,9677,9840.800027
2009/4/25,2022.284,235.592,346332,8548,2007,3901,13225,14571.73331
2009/4/26,1781.626,229.618,348285.49,7548.6,3053,3017,10561,13062.76672
2009/4/27,1351.628,160.408,347041.77,5766,995,376,7021,14135.13331
2009/4/28,1706.386,160.366,348465.78,7285,2068,371,11469,14531.76669
2009/4/29,1664.68,141.616,348748.62,6996.2,1043,2492,9372,14837.66666
2009/4/30,1834.762,138.056,348342.24,7666.4,1027,363,15305,13884.36663
2009/5/1,1512.802,190.462,347433.25,6370.8,1067,1052,11709,11385.3667
2009/5/2,1393.91,179.62,348311.38,5871.6,1430,374,9760,11667.83332
2009/5/3,1608.878,179.698,348575.52,6857.2,3207,2593,7226,13788.6333
2009/5/4,1667.882,146.056,347666.73,6971.6,1007,411,11374,15006.03338
2009/5/5,1731.474,141.914,346778.63,7282.4,1049,5539,10166,12103.89997
2009/5/6,1349.902,146.378,346891.27,5716.4,1038,1797,9058,10605.36668
2009/5/7,1012.648,135.008,347289.86,4280.8,0,374,7992,8511.466679
2009/5/8,1857.156,154.882,346787.73,7801.6,2226,848,15426,12452.6
2009/5/9,1261.352,182.984,347866.89,5420.8,2090,382,6605,11945.53329
2009/5/10,1967.248,205.226,347141.34,8412.6,4300,6671,8693,13123.46671
2009/5/11,1517.176,158.44,345961.91,6380.6,1035,457,11009,12785.2667
2009/5/12,1625.956,150.022,346142.56,6867.2,0,2713,11335,13051.26667
2009/5/13,1246.398,171.566,346515.81,5338.6,1419,553,7127,11674.29994
2009/5/14,1606.984,151.91,345685.71,6920.2,0,4065,11499,11219.06662
2009/5/15,1422.226,140.546,346978.37,6023.2,1382,494,12195,9632.766676
2009/5/16,2007.378,186.502,345583.81,8475,1705,4820,12265,14666.29998
2009/5/17,1543.764,226.46,346033.05,6631.8,2555,1926,7168,14080.39999
2009/5/18,1209.906,154.56,346980.49,5066.2,763,374,8971,10057.09998
2009/5/19,1617.344,188.884,347029.83,6770.2,3253,792,10981,11929.73335
2009/5/20,1307.162,182.382,347500.38,5528.8,1061,1889,9470,9366.033319
2009/5/21,1575.15,212.396,347067.51,6636.2,1553,1278,12563,10858.49999
2009/5/22,1074.806,237.242,348431.81,4609.4,982,1207,8078,7646.433361
2009/5/23,1530.598,193.25,346418.52,6472,480,1844,12579,10606.96665
2009/5/24,1287.786,177.2,348505.87,5429.6,45,446,10256,10716.09999
2009/5/25,1354.096,183.162,343340.5,5762.6,920,966,9930,10752.26666
2009/5/26,1338.644,126.464,333795.34,5816.4,1191,860,10102,10157.73332
2009/5/27,1544.292,124.902,332845.88,6729.8,1052,2355,11076,11255.19998
2009/5/28,1179.736,128.786,336531.4,5058.6,1502,421,9049,8690.266671
2009/5/29,1242.846,147.15,347844.53,5232.2,1005,434,10112,9163.099975
2009/5/30,1659.106,233.688,347275.31,7060.4,2787,1707,11557,11600.76672
2009/5/31,956.89,200.616,347696.85,4156.8,1466,458,5720,8304.166653
2009/6/1,1443.26,229.876,347521.14,6208.2,2789,461,11361,9443.333317
2009/6/2,1090.638,223.696,347947.63,4849.6,0,506,7892,9779.300005
2009/6/3,1356.578,200.926,346184.53,5870.4,940,1370,11577,8722.6333
2009/6/4,1035.66,164.662,345614.69,4440.2,1906,455,6905,7994.999987
2009/6/5,1230.36,156.95,345403.02,5256,0,456,12515,7535.000009
2009/6/6,1475.45,233.496,346437.85,6356.6,1769,2732,10611,9478.833354
2009/6/7,1207.392,218.93,347066.73,5225.6,2077,1641,6034,10371.2
2009/6/8,1178.776,129.36,345693.21,5100.6,1024,432,8551,9639.26662
2009/6/9,1332.85,154.396,346929.86,5699.2,1000,414,10695,10105.16666
2009/6/10,1602.996,159.208,346631.16,6816.8,1032,4745,9889,11050.6
2009/6/11,1300.65,159.932,347293.52,5548.8,0,472,10610,10595.50004
2009/6/12,1101.732,152.704,346949.77,4703,1009,460,7137,9756.200019
2009/6/13,1101.87,154.292,346965.18,4702,1009,465,7143,9747.500022
2009/6/14,1101.87,154.292,346965.18,4702,1009,465,7143,9747.500022
2009/6/15,1089.938,202.02,347074.89,4695.2,916,509,7737,9003.633289
2009/6/16,1508.792,212.188,346796.9,6458.2,2983,1221,13691,7251.533362
2009/6/17,988.016,192.86,347465.53,4260.8,975,611,7193,7687.933332
2009/6/18,1165.7,165.954,347466.56,4906.8,0,461,11223,7744.333359
2009/6/19,1086.866,164.26,347497.32,4620.2,969,475,7737,8933.43334
2009/6/20,1107.1,179.056,347737.8,4679.2,0,2657,9159,6635.666641
2009/6/21,855.142,161.526,347452.93,3646.4,1039,412,6002,6799.366643
2009/6/22,1094.098,162.124,347331.3,4634,0,449,11148,6637.966667
2009/6/23,1039.214,163.872,347347.1,4428.2,1010,1261,8186,6863.233322
2009/6/24,1534.874,194.322,346373.54,6503.2,3059,1239,14275,7008.233381
2009/6/25,771.362,183.966,347296.25,3332,0,495,6224,6137.033341
2009/6/26,1277.322,238.866,346378.71,5531,1826,538,9952,8972.699992
2009/6/27,1709.052,271.624,348212.37,7240.6,2663,2432,13468,9921.199962
2009/6/28,1059.394,277.824,348247.34,4621,0,1421,6742,9493.56668
2009/6/29,1010.134,236.026,348327.11,4358,1794,598,6462,7981.566686
2009/6/30,1192.446,283.15,348398.79,5244.8,582,1034,8989,9269.099991
2009/7/1,1218.342,265.742,348205.39,5251.6,989,590,9747,8979.700041
2009/7/2,1242.578,276.318,348432.11,5349.6,637,603,8032,11437.63335
2009/7/3,864.148,245.996,348369.62,3794.6,856,642,7371,5533.466668
2009/7/4,1238.568,373.902,347252.35,5535.6,2084,2329,6791,9438.799981
2009/7/5,1410.736,383.148,347680.19,6206.8,3215,1438,8014,10845.26671
2009/7/6,954.26,270.972,348139.4,4178.6,429,755,7142,7578.333293
2009/7/7,1110.136,256.638,347963.05,4901.4,1292,3619,5704,7887.266629
2009/7/8,1234.4,221.196,347909.4,5315,0,3514,9308,7751.333346
2009/7/9,846.252,194.652,349331.22,3761,0,656,4783,8665.200032
2009/7/10,1193.802,218.106,348833.39,5083.2,988,2624,7494,8790.699985
2009/7/11,993.968,249.472,348789.3,4346.2,981,683,7756,7146.133352
2009/7/12,513.478,191.48,348919.11,2305.4,0,589,4060,3908.966659
2009/7/13,496.746,196.526,349268.42,2250,0,594,3881,3804.100003
2009/7/14,911.43,266.574,348775.76,4054,2303,618,6155,6114.50004
2009/7/15,718.074,189.692,348374.73,3121.2,878,932,5820,4337.899996
2009/7/16,599.554,259.326,348648.45,2701.6,0,1724,3902,4366.566604
2009/7/17,731.808,179.134,347896.25,3161.2,0,626,6670,4900.799964
2009/7/18,966.41,218.338,348489.04,4154.2,0,663,5389,10054.83334
2009/7/19,1203.644,259.25,348547.11,5077.2,0,598,5058,14404.73332
2009/7/20,662.486,217.864,348252.28,2949,914,784,4948,4395.43336
2009/7/21,813.762,266.7,349232.94,3600.8,0,981,7795,4786.700019
2009/7/22,739.532,238.48,348594.36,3258,0,681,3965,7679.53336
2009/7/23,1030,218.91,348398.38,4396,926,622,9064,6554.66665
2009/7/24,561.738,208.536,348121.19,2529.4,0,630,4128,4604.300003
2009/7/25,536.688,195.46,348619.78,2422.4,0,577,3716,4651.800014
2009/7/26,543.016,239.798,349426.66,2473,0,1019,3799,4232.266692
2009/7/27,688.566,321.95,349240.45,3142.2,0,2062,5202,4212.099973
2009/7/28,902.85,252.766,348798.83,3986,0,4899,4353,5795.499953
2009/7/29,902,185.468,347760.68,3904.4,869,749,7549,5866.333325
2009/7/30,792.326,198.206,349112.18,3471.4,0,2304,4040,6861.433318
2009/7/31,975.83,228.246,348294.33,4323.2,865,3423,6302,5673.833339
2009/8/1,706.966,242.662,347764.33,3178.6,0,844,6248,4690.766643
2009/8/2,489.724,205.492,346955.9,2258.6,0,637,3539,3986.066657
2009/8/3,500.298,197.3,348364.9,2254.4,0,605,3811,3922.29999
2009/8/4,508.892,196.38,348878.14,2317.6,0,607,3871,4003.533302
2009/8/5,518.652,207.894,348922.91,2368,0,620,4042,3982.199993
2009/8/6,532.672,214.786,347369.4,2415.4,0,659,4193,4025.866671
2009/8/7,539.296,221.29,347555.23,2442,0,668,4232,4088.266646
2009/8/8,526.472,214.068,348087.02,2390,0,646,4093,4035.533329
2009/8/9,998.234,284.326,348551.16,4402.4,1984,2380,5154,7119.233308
2009/8/10,1069.358,298.248,347081.04,4719,0,3719,6012,8091.633344
2009/8/11,950.954,307.45,348251.75,4246.2,857,1467,6577,6948.233341
2009/8/12,824.436,272.552,348203.92,3678.2,912,689,4991,7148.600006
2009/8/13,1015.51,267.762,347648.69,4474.8,1215,4092,4541,7077.166657
2009/8/14,748.676,241.328,347298.59,3287.8,429,850,4647,6551.933345
2009/8/15,1514.062,384.762,346890.74,6632.4,3437,1852,8922,11023.36669
2009/8/16,1217.712,409.052,346350.02,5464,1604,1094,5691,11906.20002
2009/8/17,785.908,251.462,347357.44,3480.6,1,813,6261,6023.466676
2009/8/18,1080.598,246.724,346790.14,4691.8,2306,1440,6324,7939.966711
2009/8/19,880.742,262.994,347819.86,3925.4,896,812,6044,6927.033362
2009/8/20,775.722,260.89,347163.29,3489.6,0,883,6138,5907.69998
2009/8/21,1161.746,262.362,346480.93,5044.8,3043,887,7527,7905.433348
2009/8/22,1548.738,417.834,347217.46,6855.4,4544,3203,8549,9516.300025
2009/8/23,1066.708,371.828,347839.88,4795.8,949,819,6994,9016.466659
2009/8/24,1252.254,285.104,347134.37,5431.4,2279,737,8247,9607.899993
2009/8/25,943.61,276.826,347774.2,4160.4,1140,755,6291,7540.833318
2009/8/26,1136.546,269.214,348159.54,4943.2,2131,1516,7860,7435.433359
2009/8/27,749.466,251.206,347958.9,3337.4,0,664,4283,7544.099985
2009/8/28,1118.842,246.89,346859.19,4856,1778,1125,7485,8259.36666
2009/8/29,1388.414,315.52,347004.47,6024.2,905,1483,11707,9045.233334
2009/8/30,1668.342,294.084,347157.01,7171.6,2653,1363,10648,13141.7
2009/8/31,1265.522,219.318,343789.78,5504.2,960,678,9974,9480.033332
2009/9/1,980.536,217.072,347358.39,4311.4,0,697,6073,9572.266726
2009/9/2,1222.814,207.858,348217.59,5239,947,659,9921,8853.23334
2009/9/3,1251.188,213.438,347515.3,5417.4,3319,3099,5011,9424.13331
2009/9/4,1024.388,181.064,348498.54,4401,0,636,8095,8342.133396
2009/9/5,1513.866,270.068,346838.8,6524.4,2988,2248,10433,9562.100026
2009/9/6,1228.63,220.532,348278.86,5277.8,995,588,9031,9863.166653
2009/9/7,1221.458,201.492,348064.73,5241,2196,577,8299,9285.633319
2009/9/8,1086.254,200.204,347546.31,4643,1002,577,8533,7992.233338
2009/9/9,1521.344,223.572,347484.25,6467.4,964,3832,10671,9888.733339
2009/9/10,1112.354,202.392,347369.69,4765.2,928,600,6508,10503.23329
2009/9/11,1214.146,183.378,347255.99,5134.4,0,631,11693,7911.766651
2009/9/12,2064.358,325.196,346618.15,8845.2,9583,1202,12601,11019.96664
2009/9/13,1572.014,271.444,345960.23,6753.4,4146,612,10189,11253.23332
2009/9/14,1574.858,239.666,347726.82,6706.8,2843,603,9091,13710.63333
2009/9/15,1456.806,184.276,347029.03,6170.4,1769,560,8644,13307.09996
2009/9/16,1743.162,197.746,345933.06,7415.6,1035,3470,13384,11163.69999
2009/9/17,1223.426,167.282,347559.34,5199.6,0,563,9710,10117.43339
2009/9/18,1374.032,169.212,347182.85,5815.6,1993,652,9151,11104.53334
2009/9/19,2135.71,263.492,346109.78,9013.6,1607,4050,14845,15093.16667
2009/9/20,2035.328,295.694,347465.44,8674.6,4532,2466,11935,14989.1333
2009/9/21,1417.868,214.166,347403.87,6049.8,921,604,10844,11262.13332
2009/9/22,1246.536,207.256,347302.12,5326.8,937,597,8502,10739.60002
2009/9/23,1636.61,235.964,346675.11,6947.6,2085,978,12884,11329.83334
2009/9/24,1426.258,224.076,346157.62,6098.4,1051,621,10374,11724.96668
2009/9/25,1161.016,207.896,347649.01,5016.4,0,594,9694,9062.266679
2009/9/26,1556.254,288.042,347297.05,6602.8,1943,571,14581,8842.566648
2009/9/27,1410.472,230.484,347359.4,6048.8,1817,4571,8554,8565.866686
2009/9/28,1299.456,193.198,348085.93,5465.4,0,603,10797,10257.59998
2009/9/29,1146.398,199.878,346892.18,4887.2,1031,603,7322,10150.63333
2009/9/30,1777.568,212.37,346683.3,7545,970,8080,9232,11344.13332
2009/10/1,1287.252,185.416,347802.51,5452.8,950,602,9433,10469.19997
2009/10/2,1152.668,183.156,346692.79,4876,0,570,10142,8499.133304
2009/10/3,1716.74,255.396,346516.35,7272.6,3644,920,14480,9568.333345
2009/10/4,1621.106,225.21,346606.36,6933.8,3189,3499,8980,11350.43333
2009/10/5,1275.522,161.54,347357.55,5326,984,542,7983,11749.7
2009/10/6,1428.448,179.276,347299.27,6006.2,1,543,8806,14457.4667
2009/10/7,1821.834,207.422,347345.22,7688.2,734,4334,9908,15387.89996
2009/10/8,1577.166,186.614,347140.48,6600.8,2091,619,11568,12008.10003
2009/10/9,1351.862,188.418,346766.62,5693.2,0,559,10718,11254.03339
2009/10/10,2012.756,255.622,345256.41,8535.2,4510,570,14811,13654.93339
2009/10/11,1939.724,268.814,346532.94,8275.8,4111,6454,8666,13097.73331
2009/10/12,1351.604,157.714,345922.31,5714.8,997,515,9420,11594.73332
2009/10/13,1449.1,165.392,345956.09,6119.6,983,530,9530,13108.66669
2009/10/14,1711.224,175.09,345253.63,7206.6,2001,3131,10013,13375.39999
2009/10/15,1489.976,139.632,347215.87,6227,1629,463,9641,13099.93338
2009/10/16,1516.86,145.384,345954.24,6357.8,0,482,11136,13662.99999
2009/10/17,2742.08,261.152,344002.41,11585.6,5490,4364,18326,17521.3333
2009/10/18,1556.164,142.644,346681.21,6480.8,712,499,11144,13581.06669
2009/10/19,1369.108,134.358,348854.75,5692.4,1104,457,8227,13030.46667
2009/10/20,1722.808,151.558,349239.61,7164,760,450,11005,16498.46668
2009/10/21,1969.506,192.17,348922.1,8227.2,2031,5916,8569,16309.09996
2009/10/22,1399.71,155.85,349076.1,5821,0,492,11074,11762.5
2009/10/23,1757.45,196.704,347178.65,7408.6,3180,495,11696,13919.83333
2009/10/24,2614.408,218.464,345446.19,11028.2,6202,518,15941,20912.46668
2009/10/25,2406.536,243.182,345492.79,10181.2,3010,6181,13691,17226.93339
2009/10/26,1112.344,160.216,347803.82,4664.4,475,468,5788,11808.06665
2009/10/27,1116.756,173.798,347389.58,4708.8,579,449,8367,9217.600004
2009/10/28,1268.708,164.972,347627.74,5312.8,1044,463,9318,10320.13337
2009/10/29,1981.44,251.842,346099.48,8428.8,765,4125,5677,22456.99995
2009/10/30,1493.358,168.534,347731.68,6267,1779,2005,8828,12277.30004
2009/10/31,1875.942,171.058,346347.45,7851.8,1773,2514,14637,12341.70002
2009/11/1,1843.168,221.902,346930.8,7759.2,1970,470,12215,16064.46663
2009/11/2,1504.226,170.082,347449.83,6337,1881,471,7490,15228.43335
2009/11/3,2266.688,241.762,347244.38,9549.8,2009,3951,9025,22793.1333
2009/11/4,1801.8,172.428,348592.51,7532.4,1075,4008,12246,12701.00003
2009/11/5,1560.466,159.064,347998,6535.6,1105,532,9868,14502.76667
2009/11/6,1390.45,169.354,349298.15,5804.6,0,442,11326,11406.16669
2009/11/7,1557.176,197.68,348305.16,6495,2187,408,10014,13343.93333
2009/11/8,2508.002,226.688,350280.57,10429.6,4941,2075,14871,19913.03337
2009/11/9,1409.268,177.874,350748.23,5909.8,1125,467,7640,14255.79999
2009/11/10,1606.184,167.302,349201.41,6693.4,1118,432,11788,13431.73334
2009/11/11,2040.48,223.068,349014.75,8603.6,2338,5105,11214,15351.00002
2009/11/12,1463.066,153.198,348777.61,6124.8,1486,429,9403,13066.43332
2009/11/13,1532.926,156.932,347379.42,6417.2,1856,407,9178,14107.76668
2009/11/14,2560.456,245.848,345920.26,10733,4169,2411,18868,17226.26666
2009/11/15,1967.308,211.148,346068.53,8321,991,5278,9446,17073.4667
2009/11/16,1514.468,157.194,348314.22,6340.6,2021,545,9354,13321.13339
2009/11/17,1708.294,167.628,349431.26,7075.4,0,453,11616,16402.56669
2009/11/18,2639.174,203.88,347467.2,11067.6,6012,7655,13787,16532.23341
2009/11/19,1474.848,149.054,349884.1,6121.6,0,481,10936,13163.80001
2009/11/20,1961.016,146.026,347878.61,8196.8,843,407,12816,18617.60001
2009/11/21,2496.856,211.304,346494.05,10484.8,5694,1997,12553,21370.26659
2009/11/22,2450.976,222.638,347151.89,10358.2,6774,411,16097,17567.6
2009/11/23,1471.122,148.338,349549.51,6100.8,0,402,8230,15886.70001
2009/11/24,2128.856,153.82,348446.2,8899,2491,4579,9086,19324.93336
2009/11/25,1980.13,175.476,347297.45,8309.2,745,5083,10596,16578.1667
2009/11/26,1599.626,141.542,349406.59,6640.2,2262,407,10069,13922.43334
2009/11/27,1380.026,133.052,348276.7,5704,0,396,11599,11005.43332
2009/11/28,1858.95,225.218,347898.89,7784.8,3199,386,14350,13047.49997
2009/11/29,1650.962,191.056,350364.56,6878.4,1073,3061,7828,15554.03336
2009/11/30,1745.19,153.382,351020.6,7232.2,1080,361,12039,15606.50001
2009/12/1,1756.378,141.874,349391.74,7312.8,0,354,10821,18097.96673
2009/12/2,2345.668,170.23,348003.81,9820.4,1143,7052,12851,18048.46667
2009/12/3,1479.688,145.222,350329.1,6182.4,1039,402,9906,13314.46667
2009/12/4,1711.294,183.222,350475.41,7178.6,1158,352,9134,17877.56663
2009/12/5,2351.762,274.112,347470.21,9968.4,3822,351,13324,21699.03329
2009/12/6,2378.288,291.892,347427.75,10056,2850,4175,12420,20193.13333
2009/12/7,1742.638,165.088,349262.78,7294.8,1132,358,10291,17262.96666
2009/12/8,2006.884,179.192,350972.75,8338,1108,350,15376,16614.0666
2009/12/9,1802.356,187.594,349066.54,7559.8,2054,3355,7971,16659.26662
2009/12/10,2057.256,223.412,348165.79,8595.6,2825,349,15436,15677.60002
2009/12/11,1784.462,219.624,351779.21,7388.4,1546,385,11251,16559.03339
2009/12/12,1816.38,248.73,352712.09,7576.2,1087,4120,8198,16867.99997
2009/12/13,2138.814,222.19,352076.54,8877.4,3984,417,13178,18067.90003
2009/12/14,1794.862,151.982,354454.29,7376,1090,2280,10742,15802.36671
2009/12/15,1940.116,162.344,354302.18,7941,1111,392,14084,16748.26666
2009/12/16,1394.874,154.43,355990.85,5750.4,1143,2943,8104,11057.9
2009/12/17,1717.182,148.97,355527.55,6971.4,0,308,14395,13916.69996
2009/12/18,1744.706,160.418,355096.59,7154.4,1195,304,11466,16113.43334
2009/12/19,2204.334,137.608,354145.74,8989.8,1165,2662,13681,19230.90004
2009/12/20,1144.166,122.1,356306.41,4672,1237,313,7795,9724.433377
2009/12/21,2034.966,171.948,354829.27,8320.8,3293,282,11473,18868.1
2009/12/22,1888.022,153.362,353863.35,7726.6,0,285,15829,15353.03338
2009/12/23,1455.2,135.416,355505.71,5934.8,1143,284,11205,11621.33333
2009/12/24,2905.894,203.66,354002.57,11942.8,5184,5575,15198,22474.56661
2009/12/25,2127.648,192.384,350767.15,8823.8,3371,3895,14288,13906.79994
2009/12/26,2183.618,160.884,349150.63,9081.2,1186,4294,16047,14866.63333
2009/12/27,2195.452,207.164,349439.1,9165.2,4218,318,12450,19604.86664
2009/12/28,2094.098,181.668,351039.76,8688,2175,2063,14934,15729.63329
2009/12/29,2047.968,242.05,350183.54,8514.2,1260,346,10205,22321.8
2009/12/30,2451.11,266.794,347115.21,10322.6,5284,4539,12484,18544.8334
2009/12/31,2211.892,186.612,346980.7,9218.4,0,387,19409,17068.86665
2010/1/1,1224.252,165.336,349294.64,5093.4,2304,327,3558,14215.19999
2010/1/2,1309.268,199.546,352332.84,5489.8,801,298,6425,14297.13341
2010/1/3,2083.454,191.61,350992.12,8703.6,3842,4920,10074,15888.23336
2010/1/4,1604.132,156.404,353806.73,6623.2,0,292,10812,15631.53334
2010/1/5,2219.78,148.936,352110.29,9139.8,1785,293,16468,18450.33336
2010/1/6,1777.18,152.08,353138.13,7361.4,1731,3256,11359,13273.66666
2010/1/7,1769.442,115.024,352668.33,7300.4,1198,255,12936,15101.70005
2010/1/8,1797.208,159.78,351942.93,7418,0,994,12531,16428.46674
2010/1/9,2336.9,199.4,351172.42,9696.2,2781,4855,14734,16578.33333
2010/1/10,2508.466,227.17,351130.49,10406,3564,2032,14108,22103.76667
2010/1/11,1518.684,156.206,354339.52,6242.6,1251,340,10279,13441.40001
2010/1/12,1995.796,202.538,352730.52,8265,1803,3643,12509,15308.26668
2010/1/13,1995.796,202.538,352730.52,8265,1803,3643,12509,15308.26668
2010/1/14,2116.224,239.598,352565.09,8804.6,2442,3727,12490,16611.40004
2010/1/15,2196.76,218.29,350965.1,9122.4,1957,2952,13546,18157.66664
2010/1/16,2150.112,242.518,349985.14,8956.4,2605,2415,13652,17163.20003
2010/1/17,1906.556,188.986,349261.93,7951,1992,298,15044,14441.93328
2010/1/18,1881.098,191.772,350836.37,7807,617,295,12981,17458.6333
2010/1/19,2433.508,161.754,349953.28,10086.6,2044,653,19311,18550.46668
2010/1/20,2351.728,199.86,349575.03,9807.4,2317,3341,14563,18974.46675
2010/1/21,2137.856,185.42,349849.8,8873.2,894,449,16451,17836.93338
2010/1/22,1790.626,156.858,348264.25,7463.8,699,352,14512,14280.76666
2010/1/23,2610.33,260.426,346791.15,11038,3154,4086,16039,20226.50001
2010/1/24,2269.42,175.238,348114.49,9511.4,3496,2760,11046,20521.66667
2010/1/25,1930.51,147.674,349774,7992,1368,455,16136,14216.16667
2010/1/26,2067.564,130.93,350408.85,8501,526,395,16243,17295.4
2010/1/27,2760.902,148.762,348459.99,11505.8,2044,6403,18154,19414.03327
2010/1/28,2110.234,158.52,350278.61,8731.2,2032,504,14987,17647.5667
2010/1/29,2092.99,147.674,350831.24,8609.2,1488,851,18061,14483.16664
2010/1/30,2842.728,235.996,348594.33,11962.4,3240,7544,17891,18703.80005
2010/1/31,1799.196,171.516,350499.8,7491.2,1715,1380,12569,14322.6
2010/2/1,1693.778,124.784,350829.71,6995.2,1111,367,14623,12128.63332
2010/2/2,2157.432,131.168,350399.26,8853.6,0,382,21536,14039.20002
2010/2/3,2903.014,183.692,349038.83,12052.8,2234,8423,21130,16596.56672
2010/2/4,2316.27,141.848,348625.14,9567.2,1074,532,23743,13255.49997
2010/2/5,2098.892,142.978,348395.42,8748.6,902,474,18008,15597.53334
2010/2/6,2712.986,296.614,347172.58,11423.8,4324,2209,17857,20826.43337
2010/2/7,1625.708,162.466,349465.64,6806.6,2736,3837,5546,14976.13336
2010/2/8,2582.238,139.75,348475.36,10666.8,1161,431,19764,21681.30009
2010/2/9,2420.932,139.712,350136.53,9965,1214,410,19769,18955.8667
2010/2/10,1946.878,141.622,349124.39,8080.8,1219,2976,12232,16020.96668
2010/2/11,1369.768,124.15,352097.83,5626.6,0,330,9916,12583.4667
2010/2/12,1892.998,132.282,350821.86,7787.6,1241,312,15211,14785.96671
2010/2/13,2351.556,144.794,349760.29,9711.4,1838,5292,18710,13352.6
2010/2/14,1688.294,124.66,350126.41,6957.8,1223,320,13208,13387.23337
2010/2/15,2097.132,131.27,350563.36,8701,3468,332,16065,15087.20002
2010/2/16,1797.756,119.606,351005.42,7413.6,1945,317,12820,14880.59998
2010/2/17,2054.56,119.56,348979.42,8555.4,2294,6636,10101,15211.66666
2010/2/18,1761.156,140,350767,7255,965,385,14884,13118.60003
2010/2/19,1953.572,135.15,348058.66,8142,2124,397,14543,15495.53331
2010/2/20,1983.728,151.248,348176.11,8273.6,3748,382,14470,14462.13336
2010/2/21,2740.314,167.458,346500.54,11575.2,5905,8142,17083,14541.90001
2010/2/22,1474.036,160.624,346434.47,6213.6,1393,2167,10159,10848.26662
2010/2/23,1461.28,168.058,348457.94,6126.6,0,3001,8806,12547.66661
2010/2/24,1914.278,150.128,347710.75,7953.2,2260,1682,14315,13647.63335
2010/2/25,1880.204,130.878,347015.76,7784.4,0,474,15120,15742.73331
2010/2/26,2120.156,139.31,346212.91,8840.6,1146,2454,14821,16914.93331
2010/2/27,1765.056,152.39,347824.02,7417.2,3743,441,14358,10875.59998
2010/2/28,711.666,134.068,349297.15,2968.2,0,487,2952,8422.099992
2010/3/1,1298.728,130.076,348224.8,5411.2,1785,471,7115,12274.46668
2010/3/2,766.906,136.396,348122.96,3204.8,0,424,3605,8752.766723
2010/3/3,935.834,120.934,347344.47,3935.6,0,425,7221,7951.233323
2010/3/4,682.88,125.954,349908.9,2890.4,0,436,2928,8017.333314
2010/3/5,1133.726,135.416,350620.29,4703.4,1108,351,5918,11518.43337
2010/3/6,794.712,139.558,349965.01,3321.6,0,419,3970,8856.200025
2010/3/7,1372.472,133.948,350714.51,5712,0,4674,3679,14521.53335
2010/3/8,2557.098,252.338,351035.4,10691.2,4214,7645,15971,14788.30002
2010/3/9,1760.112,168.078,350679.6,7316.2,846,397,10893,17199.2
2010/3/10,1822.632,130.298,350734.74,7483.6,1167,375,14916,13919.19998
2010/3/11,1951.09,152.388,349461.28,8120.8,2071,320,15706,14421.16666
2010/3/12,1645.424,148.71,349939.49,6800,1691,411,14076,11245.73333
2010/3/13,2383.01,265.362,348475.59,9943.2,2848,5534,17973,13361.83336
2010/3/14,1566.714,200.632,348460.29,6616.6,3464,918,7101,14628.9
2010/3/15,1791.85,164.312,348905.88,7456.8,778,436,15053,13597.16667
2010/3/16,1542.65,167.736,347817.71,6423.8,0,457,10083,15170.83331
2010/3/17,2009.13,185.748,347963.52,8392,1136,5851,13105,13393.49998
2010/3/18,1562.682,166.214,347763.26,6548.2,1147,570,10845,13482.70001
2010/3/19,1663.384,189.478,347651.23,6920.6,0,596,12591,14536.06667
2010/3/20,1670.584,181.872,347455.62,6951.2,0,507,13275,14061.06667
2010/3/21,1781.146,182.048,346936.3,7473.2,1670,3066,12652,12297.76669
2010/3/22,1618.59,171.556,347556.66,6749.4,1142,557,13859,11418.50002
2010/3/23,1822.162,186.634,347279.47,7733.4,2892,1153,13107,13217.36666
2010/3/24,1994.752,209.558,346643.53,8354.8,1075,5832,12817,13521.8667
2010/3/25,1679.884,186.758,348861.82,6974.2,0,611,13797,13590.06668
2010/3/26,1651.284,205.882,347765.8,6910.2,1078,682,12547,13214.4
2010/3/27,1847.97,195.092,346194.1,7766.6,1067,3080,12483,14169.5
2010/3/28,1798.214,260.428,347577.92,7666.4,1083,7895,7118,13874.23334
2010/3/29,1622.738,207.082,347791.08,6806,0,636,15420,10989.63334
2010/3/30,1906.454,280.718,347161.85,8116.6,1760,571,13765,15678.23334
2010/3/31,1923.802,201.578,345879.61,8154.6,1067,6313,12041,12642.36666
2010/4/1,1687.44,144.464,348125.99,7025.8,1780,517,14393,11434.00006
2010/4/2,1648.622,152.906,349593.87,6816.2,0,483,13074,13920.03337
2010/4/3,1805.278,206.65,350279.9,7446.2,1778,648,17694,9967.966662
2010/4/4,1690.388,238.976,348116.3,7093,1097,831,12687,13558.1333
2010/4/5,1118.82,165.42,350863.41,4707,1755,1436,5503,9952.999977
2010/4/6,1825.852,170.614,349551.52,7572.8,1154,613,12476,16187.86669
2010/4/7,1596.982,184.526,348236.97,6689.4,1077,3440,11362,10737.36667
2010/4/8,1649.22,165.142,348472.56,6853,145,669,13322,13351.00005
2010/4/9,1233.35,162.482,349319.35,5141.6,1088,566,10595,8306.833356
2010/4/10,1190.208,179.52,347447.32,5020.2,1044,960,8933,8899.79999
2010/4/11,1603.334,175.276,347749.4,6817.4,5499,554,8851,11818.23334
2010/4/12,1439.426,157.73,348489.28,5996.6,660,611,11949,10770.43326
2010/4/13,1512.704,171.14,348098.58,6324.8,1097,646,13033,10435.73331
2010/4/14,1660.364,179.198,347580.88,6979.6,1132,5871,9194,11475.73335
2010/4/15,1872.178,167.336,346827.15,7812.6,2526,658,15667,12351.96663
2010/4/16,1562.062,170.38,348468.24,6553,2837,592,12623,9982.366704
2010/4/17,1557.712,149.862,347479.45,6549.2,553,3124,12571,9713.866696
2010/4/18,1476.106,148.232,346580.97,6164.4,1104,618,12550,10329.76665
2010/4/19,1708.594,166.404,347414.14,7146.6,1230,4255,13474,9517.566691
2010/4/20,1833.628,175.902,346719.24,7677,1388,719,16668,11785.46667
2010/4/21,1579.914,158.406,348379.26,6560.8,0,635,12902,12794.90005
2010/4/22,1460.904,186.65,346674.27,6143,1062,653,12492,10141.4
2010/4/23,1180.536,177.164,347922.6,4946.8,0,623,10981,8071.599979
2010/4/24,1518.418,306.838,347783.21,6603,4445,1483,8223,11155.96664
2010/4/25,1542.742,238.99,346552.67,6511,0,2350,7595,15767.36668
2010/4/26,1082.716,166.42,347373.19,4563.6,1038,460,7635,8912.266718
2010/4/27,1250.94,162.28,348589.39,5206.8,0,545,8539,11765
2010/4/28,867.858,182.684,349228.55,3673.6,0,578,6035,7851.300002
2010/4/29,1103.724,173.714,348882.01,4602.4,12,679,8102,9602.400007
2010/4/30,1118.628,208.394,348217.45,4785,2695,659,6969,8320.800013
2010/5/1,1320.158,192.524,346531.92,5659,1984,4885,6751,8382.63332
2010/5/2,2187.91,233.98,346159.08,9248.4,1858,7966,14454,12187.16669
2010/5/3,1411.302,153.192,341549.63,5988.8,980,534,11825,10182.70001
2010/5/4,1516.96,154.24,339893.32,6483.6,0,1018,12007,12257.66665
2010/5/5,1805.308,129.2,339992.07,7725.8,2969,2194,12183,12742.46667
2010/5/6,1299.25,118.704,339824.32,5504,0,301,10280,11073.16666
2010/5/7,1644.004,145.164,341994.09,6934.6,1053,332,13602,12413.06667
2010/5/8,1533.422,173.222,348331.71,6458.8,3569,2435,10158,9395.033368
2010/5/9,1566.51,205.384,347617.91,6679.4,2888,2636,9945,10639.49998
2010/5/10,1467.892,144.298,347037.71,6134.6,0,403,12893,11168.86667
2010/5/11,1571.368,152.3,349031.63,6543,1156,345,11418,13270.46672
2010/5/12,2035.418,159.798,348071.94,8482,1036,4434,16362,12091.63336
2010/5/13,1554.93,153.934,349860.85,6453.8,2123,1477,10546,11769.50004
2010/5/14,1722.146,159.884,348576.81,7174,1045,334,16764,10559.43336
2010/5/15,1944.772,232.944,348627.91,8221.4,3347,336,13670,15059.8666
2010/5/16,2100.426,164.382,347002.06,8862.4,3361,3922,11888,15836.09998
2010/5/17,1628.182,147.376,347558.79,6801.4,1014,367,15344,10411.36665
2010/5/18,1421.184,149.652,347790.06,5930.4,0,370,11677,11639.4
2010/5/19,1426.752,151.254,347905.5,6013.8,2122,659,9864,11134.20001
2010/5/20,1153.898,139.14,349129.13,4831.6,0,369,10101,8761.633314
2010/5/21,1294.396,167.694,348133.03,5468.8,1073,381,10113,10006.26666
2010/5/22,2095.772,212.698,344956.47,8865.4,2278,2441,17454,12756.53333
2010/5/23,1487.556,253.1,346594.1,6333.2,864,416,9541,13971.59998
2010/5/24,1341.332,228.04,347090.54,5718.4,1875,2467,7746,10267.53334
2010/5/25,1198.626,203.866,345978.79,5171,474,451,10439,8613.100026
2010/5/26,1387.884,241.61,344942.2,6026.4,914,4500,8530,9187.399994
2010/5/27,1323.342,195.836,345486.17,5632.2,932,443,10669,10011.70006
2010/5/28,1398.164,162.47,345656.99,5902.6,1020,413,11616,10253.73334
2010/5/29,2049.808,205.612,345890.46,8698.4,4057,400,16635,13071.46671
2010/5/30,1665.7,176.892,346272.5,7059,2405,2976,9708,12672.66662
2010/5/31,1340.462,145.874,346593.9,5721.2,1710,2171,10461,7999.033311
2010/6/1,1268.964,136.97,346378,5354.2,970,400,11858,7921.400032
2010/6/2,980.898,129.238,346084.5,4198.8,0,656,8454,7238.300013
2010/6/3,1394.186,164.036,345952.09,5982,2916,451,12304,7565.433362
2010/6/4,1420.554,185.244,346002.68,6052.8,1695,397,12517,9066.900011
2010/6/5,2009.644,293.99,347184.55,8777,10932,1253,12223,9086.066684
2010/6/6,1746.792,291.186,347647.13,7615,7609,574,11365,9565.199959
2010/6/7,1012.082,184.11,348956.71,4367.4,1821,488,6737,7822.033339
2010/6/8,1362.034,198.334,347150.67,5808.6,1513,821,11374,8992.566693
2010/6/9,1534.682,182.534,347308.9,6544.4,2774,4269,8255,10280.03335
2010/6/10,1215.19,173.226,348040,5171.8,0,474,10870,8909.166665
2010/6/11,1470.672,218.57,347692.74,6354,3439,468,11728,8876.199988
2010/6/12,1973.382,271.764,346112.59,8416,2705,3657,16185,10342.70002
2010/6/13,1674.356,253.716,347332.21,7286.4,4922,2516,9096,11371.93337
2010/6/14,1217.984,178.64,347928.24,5203.8,958,473,10336,8532.733307
2010/6/15,1223.966,179.096,346900.75,5217,0,488,10144,9767.433341
2010/6/16,1768.092,183.078,346681.99,7464.6,1875,4999,10336,12258.20002
2010/6/17,1028.018,168.268,346215.01,4393.4,0,488,8510,8135.633358
2010/6/18,1332.316,171.418,346353.71,5682.2,977,454,11977,8797.266672
2010/6/19,1416.22,210.808,348053.24,6068.4,2385,1803,9554,9861.666694
2010/6/20,1672.55,144.08,346043.28,7091.2,1021,4195,12337,10322.83332
2010/6/21,1660.89,169.68,346973.75,7124.6,3824,3525,11179,9153.500026
2010/6/22,1520.588,209.434,346586.29,6597.6,968,6176,9230,8969.133365
2010/6/23,1442.064,296.482,345597.96,6311.8,5740,1500,10188,6606.399995
2010/6/24,1095.78,230.782,346765.66,4715.4,973,883,8090,8316.999962
2010/6/25,1099.438,218.734,346363.99,4782.4,0,689,10466,7168.966673
2010/6/26,981.62,294.49,347752.6,4323.8,921,1221,7939,6279.33329
2010/6/27,1139.964,304.71,345524.37,5018.8,2665,764,7690,7880.400003
2010/6/28,1471.34,280.888,346217.78,6296.4,0,809,12516,11197.33338
2010/6/29,1368.808,322.904,346089.42,5994.8,1746,1979,8281,10807.46672
2010/6/30,1384.136,238.588,346479.78,5895,398,806,5214,16650.9334
2010/7/1,1349.002,288.452,344612.47,5834.8,877,921,7438,13247.3666
2010/7/2,1140.928,297.298,345067.37,5032.8,822,932,6337,10924.46667
2010/7/3,1120.074,314.906,347524.24,4926.6,0,968,6151,11548.89995
2010/7/4,1538.088,280.146,346081.63,6569,860,804,6597,17373.80005
2010/7/5,1113.99,233.846,347302.89,4797.2,841,837,6913,9975.499988
2010/7/6,1005.934,192.292,346362.77,4328.2,0,771,8451,7543.566674
2010/7/7,834.788,209.536,346546.73,3667.2,879,760,5762,6512.13336
2010/7/8,1212.652,246.894,346037.94,5226.4,857,1350,8459,9544.866684
2010/7/9,1083.478,314.074,346741.21,4785.4,0,625,5356,12076.96662
2010/7/10,1154.504,281.282,345690.03,5054.8,907,1240,8921,8173.733342
2010/7/11,1193.572,302.624,345274.49,5253.2,848,594,7781,10669.86665
2010/7/12,1109.574,285.912,345914.85,4892,1724,646,6444,9678.900009
2010/7/13,1382.114,287.722,346312.5,6106.2,2273,2826,7894,10042.23337
2010/7/14,1409.472,248.48,346092.36,6135.2,1064,598,7575,14254.20001
2010/7/15,1634.358,192.38,346134.02,6894.2,1071,2179,8203,15786.30002
2010/7/16,820.056,196.728,347262.26,3581.4,0,568,3854,9245.600016
2010/7/17,806.352,181.35,347305.26,3490.8,0,541,6094,6804.200035
2010/7/18,812.038,169.93,347688.29,3481.4,0,498,3943,9092.966674
2010/7/19,801.158,192.498,348263.36,3448.8,0,549,6105,6698.633373
2010/7/20,855.824,218.46,347974.54,3698.6,9,550,5178,8526.733329
2010/7/21,1064.166,244.246,348077.96,4615,2030,585,6178,8943.100019
2010/7/22,1164.446,311.284,347313.29,5041.6,0,2151,5604,11652.43334
2010/7/23,1176.158,285.28,345431.4,5073.6,897,2106,8295,8304.633325
2010/7/24,921.668,285.854,346027.49,4012,0,2096,3892,9373.133312
2010/7/25,1130.41,258.166,346002.45,4850.8,0,3732,7549,7559.166657
2010/7/26,884.15,177.86,346950.19,3828,0,2246,4147,8342.833365
2010/7/27,952.36,174.73,345067.34,4070.8,907,523,4042,10400.66667
2010/7/28,862.654,182.866,346041.01,3720.2,801,544,7232,5800.566675
2010/7/29,549.104,177.266,346153.73,2433.2,0,537,4158,4456.733331
2010/7/30,551.26,172.854,345670.68,2441,0,534,4087,4566.66666
2010/7/31,554.616,181.73,345140.43,2471,0,548,4272,4423.599982
2010/8/1,555.664,184.49,345313.88,2477.6,0,558,4263,4440.066648
2010/8/2,549.482,183.244,346892.19,2449.2,0,536,4191,4431.033354
2010/8/3,615.212,177.116,347762.45,2668.4,0,527,4096,5630.533307
2010/8/4,543.356,179.432,347613.05,2408,0,532,4116,4407.933359
2010/8/5,533.476,173.68,348277.52,2353.8,0,517,4013,4361.266681
2010/8/6,524.746,164.584,346972.66,2309.2,0,507,3947,4291.766654
2010/8/7,527.476,168.026,347508.07,2330,0,520,3968,4303.266671
2010/8/8,528.46,168.092,346657.63,2337.8,0,526,3958,4323.66671
2010/8/9,535.064,171.492,347139.74,2359.4,0,515,4042,4360.733346
2010/8/10,544.758,181.808,348414.72,2397.4,0,525,4141,4413.300049
2010/8/11,542.002,176.064,346381.73,2407.2,0,542,4118,4373.366669
2010/8/12,529.698,169.098,346744.7,2338.2,0,514,3982,4332.299997
2010/8/13,534.294,165.538,347027.27,2353.8,0,508,4097,4299.899998
2010/8/14,554.27,160.51,347278.86,2424.2,0,512,4471,4254.833363
2010/8/15,1055.986,206.77,348028.74,4552.4,0,4361,5282,7956.766747
2010/8/16,1129.73,185.016,347150.82,4921.2,1530,463,7328,9507.833351
2010/8/17,1218.222,159.978,346871.91,5154.2,940,781,5948,12634.70002
2010/8/18,1218.222,159.978,346871.91,5154.2,940,781,5948,12634.70002
2010/8/19,1218.222,159.978,346871.91,5154.2,940,781,5948,12634.70002
2010/8/20,1218.222,159.978,346871.91,5154.2,940,781,5948,12634.70002
2010/8/21,1218.222,159.978,346871.91,5154.2,940,781,5948,12634.70002
2010/8/22,1105.036,167.864,347239.49,4707.2,940,795,6045,10637.26669
2010/8/23,765.658,206.796,348545.41,3352.2,0,565,6106,6089.966675
2010/8/24,722.948,175.458,347915.75,3247,0,541,5712,5796.133324
2010/8/25,980.408,161.132,347207.48,4240.6,969,522,8959,5890.133319
2010/8/26,757.252,178.094,348211.89,3312.8,0,538,5078,7004.866671
2010/8/27,2030.65,304.318,346837.62,8631.4,930,7583,12707,12624.1667
2010/8/28,1442.856,237.504,349294.84,6165.8,2086,549,12983,8429.600008
2010/8/29,1668.48,191.694,347051.44,7110.4,3005,534,13095,11174
2010/8/30,1494.802,180.656,347579.13,6310.8,940,1470,11790,10713.36668
2010/8/31,1365.106,168.46,347317.04,5909,2099,1723,7958,10971.76664
2010/9/1,1593.318,180.18,347418.49,6756,1947,1194,13990,9424.300049
2010/9/2,1392.492,170.312,346958.95,5887.8,929,500,11785,9994.199991
2010/9/3,1346.414,168.596,346368.49,5721.8,940,523,9747,11230.23335
2010/9/4,1743.84,218.024,347186.8,7449.8,2605,734,13241,12484.00005
2010/9/5,1323.018,187.01,348682.47,5707.8,1609,2732,7471,10238.29999
2010/9/6,1422.876,161.204,348252.12,6058,3164,532,10174,9844.600025
2010/9/7,1451.854,167.962,347436.23,6202.2,1929,922,11829,9517.566689
2010/9/8,1303.812,171.182,347016.97,5575.8,1,495,7478,13756.2
2010/9/9,1238.714,167.954,346468.63,5330.4,1813,2128,7016,9688.233328
2010/9/10,1328.108,200.052,348218.21,5647,966,654,10773,9742.133331
2010/9/11,1463.31,235.63,348005.88,6209.2,930,1427,8996,13035.50002
2010/9/12,1612.092,201.358,347932.4,6848.2,1805,2080,8891,14092.2
2010/9/13,1076.32,189.798,347263.59,4667.2,1301,798,6710,9129.666687
2010/9/14,1430.678,197.004,346955.5,6101.8,1874,2705,10270,8995.633326
2010/9/15,986.094,219.558,347467.36,4252.6,0,898,6018,9518.899982
2010/9/16,1339.738,171.35,346192.95,5665,1038,739,10310,10241.96665
2010/9/17,1497.608,196.642,346773.42,6376,1954,5496,9727,7783.133378
2010/9/18,1247.946,161.978,347845.07,5273.8,982,754,11779,7284.099991
2010/9/19,919.6,147.406,348064.28,3904.6,0,1307,5156,8863.666695
2010/9/20,1682.832,195.214,347750.98,7179.8,3323,766,13262,10696.2
2010/9/21,1111.376,179.714,346922.85,4768.6,0,679,7969,9874.933316
2010/9/22,1510.394,188.33,346543.24,6434,2472,1167,11768,9766.233379
2010/9/23,1449.862,164.938,346643.28,6088,1021,755,12002,10386.36665
2010/9/24,1327.992,185.256,346447.76,5650,1739,773,8666,10955.19998
2010/9/25,1350.486,179.054,346400.88,5739,1739,729,9230,10810.09996
2010/9/26,1350.486,179.054,346400.88,5739,1739,729,9230,10810.09996
2010/9/27,1350.486,179.054,346400.88,5739,1739,729,9230,10810.09996
2010/9/28,1403.748,169.954,346186.86,5953,2549,802,8980,11064.79997
2010/9/29,1684.426,139.41,347361.71,7026,1579,648,13047,12799.76662
2010/9/30,1248.278,153.236,348923.22,5190,0,771,7988,12045.63332
2010/10/1,1504.82,157.784,346754.85,6296.6,1752,724,11307,11297.3333
2010/10/2,1923.254,166.086,346612.98,8041.4,3972,741,13532,13809.23332
2010/10/3,1830.684,202.814,348383.29,7773.8,5000,2564,7738,15209.4
2010/10/4,1775.96,187.584,346494.9,7485,1709,722,8252,18916.33336
2010/10/5,1854.624,212.642,345483.36,7807.8,0,3012,12037,15861.39998
2010/10/6,1315.456,140.568,347437.8,5494.4,1016,527,8055,12326.26665
2010/10/7,1809.954,180.096,347911.54,7614.2,2159,543,12666,14797.89992
2010/10/8,1510.456,200.616,347014.36,6384.2,964,710,9927,13573.26663
2010/10/9,1611.78,254.02,345885.75,6827,959,1585,13132,11186.99996
2010/10/10,1998.904,327.446,346092.98,8522.2,3325,773,10297,18920.06673
2010/10/11,1622.59,268.53,345493.72,6941.4,1007,5006,8734,12296.16668
2010/10/12,1579.692,170.268,345975.37,6741.2,1104,780,9812,14632.2
2010/10/13,2073.886,172.644,346751.02,8662.8,1988,611,16593,15372.76668
2010/10/14,2135.122,215.944,346900.63,9016,2583,2441,14239,16322.36664
2010/10/15,1596.324,201.54,346744.72,6751.2,712,827,10786,14280.39997
2010/10/16,1000.014,167.938,348361.19,4228,0,645,7656,8365.900005
2010/10/17,1047.382,185.494,348877.19,4412.2,995,666,4681,11114.36668
2010/10/18,2713.884,261.184,348215.3,11380.8,2234,10218,16382,16397.40004
2010/10/19,1925.978,219.57,348354.41,8140.4,1025,4110,9461,17503.63334
2010/10/20,1727.964,162.564,348837.3,7248.4,2154,690,10330,15625.40002
2010/10/21,1355.198,181.434,350600.29,5683.4,755,691,6757,14383.63335
2010/10/22,1668.892,148.522,349629.41,6887.8,1106,478,12697,13533.86666
2010/10/23,2293.236,213.112,348830.69,9633.2,3737,3883,13465,17135.60004
2010/10/24,2392.462,269.612,349952.5,10039,1984,7543,13256,17091.36665
2010/10/25,1163.292,159.328,349064.86,4884.8,0,541,6748,12099.20002
2010/10/26,945.904,173.266,352642.98,3960.6,0,2488,4989,8288.066671
2010/10/27,1260.278,153.832,354396.54,5217,0,2058,8269,10677.63335
2010/10/28,1463.326,187.24,354605.61,6048.2,1103,2627,9087,11571.76666
2010/10/29,1204.422,195.72,353870.07,5057.2,1075,726,3911,14361.70001
2010/10/30,2152.7,195.32,350305.01,8969.8,2353,614,15303,17608.33336
2010/10/31,1476.43,208.082,353513.2,6098.6,1430,678,5589,16910.16666
2010/11/1,1383.18,187.086,354786.62,5670.2,0,634,8746,13672.99999
2010/11/2,1191.082,186.52,353933.16,4927.4,0,574,5784,13493.3667
2010/11/3,1293.298,176.264,351761.09,5413.8,1021,1108,6529,12896.96667
2010/11/4,2555.146,252.438,350139.21,10794.4,6029,11193,10286,15077.76669
2010/11/5,1736.088,180.498,351036.05,7276.8,0,790,12610,15534.80001
2010/11/6,1805.408,193.958,343339.52,7697,3255,680,9803,16352.13333
2010/11/7,1673.816,174.976,343348.54,7151,1026,621,6943,19306.9333
2010/11/8,1825.54,145.656,342350.01,7737.4,1087,555,13038,15745.66668
2010/11/9,2022.098,154.67,342414.85,8619.8,2097,583,12500,18521.63333
2010/11/10,1946.534,153.472,344282.07,8232,1026,5858,13308,12250.23338
2010/11/11,1773.592,152.188,343769.34,7568,3424,2216,6259,17660.86666
2010/11/12,1836.822,151.144,343926.57,7826.2,2054,489,10308,17762.70003
2010/11/13,2023.174,162.18,344639.15,8524.2,1051,589,13853,18226.56661
2010/11/14,2038.392,203.694,344562.91,8686.6,5344,549,8758,19322.19996
2010/11/15,1747.382,126.716,344950.91,7381,1075,4222,8918,14908.03333
2010/11/16,1509.748,133.598,347324.56,6341.2,0,478,7949,16735.46671
2010/11/17,1582.032,141.916,347691.23,6669,1153,491,8915,15808.19995
2010/11/18,1652.152,206.196,347064.12,7022.8,2175,489,9449,15422.86666
2010/11/19,1570.4,122.928,345667.33,6593,0,483,11914,13776.33332
2010/11/20,2197.006,153.768,346476,9320.2,4367,2947,11433,17869.76664
2010/11/21,900.91,119.624,347299.48,3798.6,0,506,4778,9731.166654
2010/11/22,2041.536,142.354,345883.85,8660.4,4855,2110,10136,16924.60002
2010/11/23,1577.536,137.45,346428.76,6731.2,1871,458,7611,16352.26668
2010/11/24,1796.248,132.46,345644.59,7559.4,1096,2848,12224,13769.46666
2010/11/25,1431.164,116.128,347812.21,6004,1076,426,5072,17278.73334
2010/11/26,1488.104,120.826,303487.57,6259.8,1080,385,9989,13347.73334
